    0.050576877   0.042589819    0.03778224   0.030677737   0.026696962   0.022810246     0.0240426   0.012409228   0.019934517   0.023934615   0.026082622   0.024888564   0.026238012   0.021573519   0.020983911   0.020293322   0.032425916   0.032058463   0.027914447   0.025808963   0.023272055   0.021536485   0.018369394   0.015903916
    0.042589819   0.043456526   0.038150031   0.032282114   0.029781151   0.027068287   0.028460177   0.020508235   0.019213954   0.024374746   0.026981814   0.025384303   0.025439056   0.024688877   0.024119587   0.021739528   0.030449792   0.031055434   0.028642983   0.027543633    0.02634691   0.025188709   0.023040194   0.021097092
     0.03778224   0.038150031   0.039495326   0.033283345   0.032428722   0.031190147   0.032022122   0.025761697   0.017380781   0.022376698   0.025866753   0.024974273   0.024827417    0.02409074   0.024479737   0.023182647   0.027279695   0.029208535   0.028922072   0.029034399   0.029118449   0.027901133   0.026024927    0.02491086
    0.030677737   0.032282114   0.033283345   0.037967225   0.037746691   0.038369146   0.037404602   0.041011399   0.019055119   0.021654198   0.024131651   0.023531291   0.026897233   0.026784395    0.02806312   0.027966297   0.025082222   0.027958214   0.030158412    0.03195312   0.033110156   0.033580007   0.033967083   0.033994397
    0.026696962   0.029781151   0.032428722   0.037746691   0.043840074   0.043522529   0.043678066   0.050444026   0.017899358   0.022075847   0.024410133   0.023982687   0.027562281   0.027144125   0.030510998   0.029792285   0.022856737    0.02671899   0.030547661   0.033799282   0.036385348   0.037867696    0.03932203   0.039693139
    0.022810246   0.027068287   0.031190147   0.038369146   0.043522529    0.05303272   0.049799529   0.061095388    0.01758489   0.020602651   0.023681811   0.024699918   0.028749892    0.02712829   0.029768572   0.030679499   0.019832372   0.024724178   0.030405728   0.035085557   0.040194882   0.042201554   0.044535934   0.045580159
      0.0240426   0.028460177   0.032022122   0.037404602   0.043678066   0.049799529   0.061396132   0.065960111   0.015090957    0.02014845   0.023714215   0.023811582   0.027897616   0.029177923    0.03191288   0.031186326   0.020102172   0.024518105   0.029811172   0.034264121   0.040261975   0.044292577   0.047423194   0.047114369
    0.012409228   0.020508235   0.025761697   0.041011399   0.050444026   0.061095388   0.065960111    0.10370741   0.017219569   0.019549382   0.023335964   0.022101837   0.030855737   0.030885709   0.033081216   0.036738566   0.016591891   0.021592031   0.029686675   0.036355396   0.045211466   0.053994809   0.062156787    0.06448236
    0.019934517   0.019213954   0.017380781   0.019055119   0.017899358    0.01758489   0.015090957   0.017219569   0.047057611    0.01882607   0.019351193   0.020838865   0.021200452   0.020506161   0.020267399   0.017995326   0.019464402   0.018944765   0.017814543   0.017415891   0.015912651   0.016089293    0.01601074   0.016272261
    0.023934615   0.024374746   0.022376698   0.021654198   0.022075847   0.020602651    0.02014845   0.019549382    0.01882607   0.049252946   0.023128226   0.024055648   0.023996182   0.023322532   0.020420174   0.019296116   0.020071807    0.02004109   0.019057741   0.018684324   0.018385601   0.018723104   0.019097466   0.018946508
    0.026082622   0.026981814   0.025866753   0.024131651   0.024410133   0.023681811   0.023714215   0.023335964   0.019351193   0.023128226   0.055214872     0.0271968   0.031193199   0.024342511   0.025944461   0.023861705    0.02190197   0.022408105   0.021685589   0.021915243   0.021872851   0.022341701   0.022524733   0.023841676
    0.024888564   0.025384303   0.024974273   0.023531291   0.023982687   0.024699918   0.023811582   0.022101837   0.020838865   0.024055648     0.0271968   0.054418265   0.028222923    0.02864906   0.025843107   0.026948237   0.020783569   0.021742006   0.021763475   0.022180843   0.022867654   0.023176896   0.023662735   0.024880547
    0.026238012   0.025439056   0.024827417   0.026897233   0.027562281   0.028749892   0.027897616   0.030855737   0.021200452   0.023996182   0.031193199   0.028222923   0.068704307   0.029245297    0.03469905   0.035161361   0.021593063   0.022991807   0.023732574   0.024538801   0.024652758   0.025650744    0.02661847   0.029031222
    0.021573519   0.024688877    0.02409074   0.026784395   0.027144125    0.02712829   0.029177923   0.030885709   0.020506161   0.023322532   0.024342511    0.02864906   0.029245297   0.069469348   0.036463062   0.039347978   0.019450462   0.021516515   0.023166468   0.024553103   0.025187668   0.025991874   0.027299645    0.02901715
    0.020983911   0.024119587   0.024479737    0.02806312   0.030510998   0.029768572    0.03191288   0.033081216   0.020267399   0.020420174   0.025944461   0.025843107    0.03469905   0.036463062   0.097069152   0.046902249   0.019282923   0.022666503   0.025098846   0.027056674   0.028035551   0.028848064   0.029857431   0.030603659
    0.020293322   0.021739528   0.023182647   0.027966297   0.029792285   0.030679499   0.031186326   0.036738566   0.017995326   0.019296116   0.023861705   0.026948237   0.035161361   0.039347978   0.046902249   0.074918592   0.019506697   0.022173885   0.025039212   0.027312266   0.028088899   0.029675858   0.030974539   0.032822664
    0.032425916   0.030449792   0.027279695   0.025082222   0.022856737   0.019832372   0.020102172   0.016591891   0.019464402   0.020071807    0.02190197   0.020783569   0.021593063   0.019450462   0.019282923   0.019506697    0.03504881   0.029885467   0.025457828   0.023080197   0.020647318   0.020502592   0.019505688   0.019230864
    0.032058463   0.031055434   0.029208535   0.027958214    0.02671899   0.024724178   0.024518105   0.021592031   0.018944765    0.02004109   0.022408105   0.021742006   0.022991807   0.021516515   0.022666503   0.022173885   0.029885467   0.028878347   0.026890187   0.026110208   0.024909854   0.024717021   0.023938422   0.023844045
    0.027914447   0.028642983   0.028922072   0.030158412   0.030547661   0.030405728   0.029811172   0.029686675   0.017814543   0.019057741   0.021685589   0.021763475   0.023732574   0.023166468   0.025098846   0.025039212   0.025457828   0.026890187   0.028036032   0.028986594    0.02946944   0.029560274   0.029666367   0.030135005
    0.025808963   0.027543633   0.029034399    0.03195312   0.033799282   0.035085557   0.034264121   0.036355396   0.017415891   0.018684324   0.021915243   0.022180843   0.024538801   0.024553103   0.027056674   0.027312266   0.023080197   0.026110208   0.028986594   0.031641173   0.033317164   0.033946989    0.03485049   0.035733672
    0.023272055    0.02634691   0.029118449   0.033110156   0.036385348   0.040194882   0.040261975   0.045211466   0.015912651   0.018385601   0.021872851   0.022867654   0.024652758   0.025187668   0.028035551   0.028088899   0.020647318   0.024909854    0.02946944   0.033317164   0.037898004   0.039484436   0.041631743   0.042977755
    0.021536485   0.025188709   0.027901133   0.033580007   0.037867696   0.042201554   0.044292577   0.053994809   0.016089293   0.018723104   0.022341701   0.023176896   0.025650744   0.025991874   0.028848064   0.029675858   0.020502592   0.024717021   0.029560274   0.033946989   0.039484436   0.044968137    0.04878457   0.050581609
    0.018369394   0.023040194   0.026024927   0.033967083    0.03932203   0.044535934   0.047423194   0.062156787    0.01601074   0.019097466   0.022524733   0.023662735    0.02661847   0.027299645   0.029857431   0.030974539   0.019505688   0.023938422   0.029666367    0.03485049   0.041631743    0.04878457   0.056718821   0.058766739
    0.015903916   0.021097092    0.02491086   0.033994397   0.039693139   0.045580159   0.047114369    0.06448236   0.016272261   0.018946508   0.023841676   0.024880547   0.029031222    0.02901715   0.030603659   0.032822664   0.019230864   0.023844045   0.030135005   0.035733672   0.042977755   0.050581609   0.058766739   0.067754511
