0 2.991380390410170453e-01 2.063605294503794152e-01 1.022274438659179635e-01 5.281522410424137337e-02 8.389199187279323955e-02 6.407680839287818730e-02 4.236831380971542438e-02 1.898741587799454913e-02 1.292259710933120823e-02 5.963775889788085378e-03 6.553277249293902075e-03 3.330399443965835395e-03
0 7.008619609589830102e-01 3.762197254931550217e-01 2.643782556749498247e-01 2.056336232511637996e-01 1.329435180553616980e-01 1.282704790044449372e-01 7.637195908042369863e-02 4.273466101947420714e-02 2.556027749832359350e-02 1.529262145101970526e-02 7.996913052920230289e-03 8.609066661790461261e-03
0 0.000000000000000000e+00 2.637562942454427795e-01 3.289189402346884838e-01 2.558334204290638736e-01 2.397614024913211350e-01 1.713621147178701620e-01 1.063566336092076764e-01 6.093757690674810740e-02 3.525836771524507723e-02 2.314705506029775609e-02 1.261543321873700128e-02 1.077511177745020879e-02
0 0.000000000000000000e+00 1.536634508110228392e-01 1.493077752774084332e-01 2.101112946873413545e-01 2.560173198810789530e-01 2.301287426143086012e-01 1.507906626375660752e-01 8.810461886839536516e-02 4.823996574812063759e-02 2.729848041784701390e-02 1.810634435805871106e-02 1.983314414335295151e-02
0 0.000000000000000000e+00 0.000000000000000000e+00 1.115354308315746473e-01 1.321326212065725147e-01 1.147200008250923303e-01 1.815159085785012505e-01 1.592148260883227695e-01 1.060000612644469015e-01 5.721017533573027891e-02 3.294986870507828070e-02 2.365643198666554994e-02 2.146796223861941605e-02
0 0.000000000000000000e+00 0.000000000000000000e+00 4.363215411546069594e-02 3.932810994830639867e-02 9.121645004002261470e-02 9.609132004422600570e-02 1.589482912401359860e-01 1.225058570220379228e-01 6.856144862079702196e-02 3.609995770465498910e-02 2.611400329301310011e-02 2.253590631891565221e-02
0 0.000000000000000000e+00 0.000000000000000000e+00 0.000000000000000000e+00 4.557546423807493780e-02 0.000000000000000000e+00 4.171349086584323629e-02 1.122200161895849230e-01 1.367289358500150265e-01 8.060788640421305551e-02 4.370038627610593057e-02 2.584352629431491480e-02 2.259264796726644445e-02
0 0.000000000000000000e+00 0.000000000000000000e+00 0.000000000000000000e+00 2.928512106761784264e-02 0.000000000000000000e+00 3.643989450959665699e-02 7.241245615376108724e-02 1.276902705557968198e-01 9.402623674623351857e-02 4.949479596085466782e-02 3.394799104265193435e-02 3.169251705071009229e-02
0 0.000000000000000000e+00 0.000000000000000000e+00 0.000000000000000000e+00 0.000000000000000000e+00 2.714977227810996471e-02 2.210150879270029664e-02 4.375774370838754479e-02 9.105161995119270824e-02 9.576448096114358044e-02 5.427308735817341218e-02 3.691179886880805588e-02 3.297887177671059850e-02
0 0.000000000000000000e+00 0.000000000000000000e+00 0.000000000000000000e+00 0.000000000000000000e+00 5.429954455621992943e-02 0.000000000000000000e+00 2.474300853906750627e-02 5.984452718270814875e-02 9.437391711853500287e-02 5.668309281569994251e-02 3.810906775523596746e-02 3.294475663487243799e-02
0 0.000000000000000000e+00 0.000000000000000000e+00 0.000000000000000000e+00 2.928512106761784264e-02 0.000000000000000000e+00 9.433244159876848223e-03 1.848802771420646890e-02 3.826427458447997920e-02 8.896981207404901226e-02 6.604002062307207099e-02 4.501955107342498624e-02 3.440150886130315111e-02
0 0.000000000000000000e+00 0.000000000000000000e+00 0.000000000000000000e+00 0.000000000000000000e+00 0.000000000000000000e+00 9.433244159876848223e-03 1.097456290792523867e-02 3.010489633546341304e-02 7.460795478297167771e-02 6.673633615939968122e-02 4.648599767940880118e-02 4.143153073673812997e-02
0 0.000000000000000000e+00 0.000000000000000000e+00 0.000000000000000000e+00 0.000000000000000000e+00 0.000000000000000000e+00 0.000000000000000000e+00 5.408776712138374868e-03 1.940169454646934952e-02 5.979263122826884019e-02 7.199961053864920024e-02 5.175772901667392151e-02 4.170418378168017776e-02
0 0.000000000000000000e+00 0.000000000000000000e+00 0.000000000000000000e+00 0.000000000000000000e+00 0.000000000000000000e+00 0.000000000000000000e+00 9.401958673063964128e-03 1.981525892769833361e-02 4.306741887739663072e-02 7.725693678455901325e-02 5.535909167928280278e-02 4.851892432296268931e-02
0 0.000000000000000000e+00 0.000000000000000000e+00 0.000000000000000000e+00 0.000000000000000000e+00 0.000000000000000000e+00 9.433244159876848223e-03 5.838374580423841276e-03 6.788661665678335025e-03 3.316670493690005578e-02 6.965943925369444401e-02 5.816012973285529519e-02 5.178807439232582799e-02
0 0.000000000000000000e+00 0.000000000000000000e+00 0.000000000000000000e+00 0.000000000000000000e+00 0.000000000000000000e+00 0.000000000000000000e+00 0.000000000000000000e+00 8.678368299243064896e-03 2.294602634555898898e-02 6.401114941186596130e-02 6.067900097252383607e-02 5.296360501958749523e-02
0 0.000000000000000000e+00 0.000000000000000000e+00 0.000000000000000000e+00 0.000000000000000000e+00 0.000000000000000000e+00 0.000000000000000000e+00 0.000000000000000000e+00 6.123832637343300592e-03 1.657848996648917869e-02 5.861137584474833406e-02 6.342705295698998491e-02 5.828418642815411110e-02
0 0.000000000000000000e+00 0.000000000000000000e+00 0.000000000000000000e+00 0.000000000000000000e+00 0.000000000000000000e+00 0.000000000000000000e+00 2.704388356069187434e-03 2.246580792228565493e-03 1.262423213714339992e-02 4.907051013654477323e-02 6.808939939168516531e-02 5.903237115381755606e-02
0 0.000000000000000000e+00 0.000000000000000000e+00 0.000000000000000000e+00 0.000000000000000000e+00 0.000000000000000000e+00 0.000000000000000000e+00 0.000000000000000000e+00 5.620474283013788055e-03 1.166688595268925224e-02 3.869260277934703784e-02 6.531948645939772424e-02 6.158209015073463216e-02
0 0.000000000000000000e+00 0.000000000000000000e+00 0.000000000000000000e+00 0.000000000000000000e+00 0.000000000000000000e+00 0.000000000000000000e+00 0.000000000000000000e+00 3.877251845114735099e-03 6.624076494715181590e-03 3.001265455088972245e-02 6.653433478842819826e-02 6.786458664823449838e-02
0 0.000000000000000000e+00 0.000000000000000000e+00 0.000000000000000000e+00 0.000000000000000000e+00 0.000000000000000000e+00 0.000000000000000000e+00 0.000000000000000000e+00 4.493161584457130986e-03 6.382044825206704963e-03 2.057182035736973558e-02 5.981563324307781482e-02 6.834863530093489292e-02
0 0.000000000000000000e+00 0.000000000000000000e+00 0.000000000000000000e+00 0.000000000000000000e+00 0.000000000000000000e+00 0.000000000000000000e+00 0.000000000000000000e+00 0.000000000000000000e+00 2.455984408233705986e-03 1.686064516284469308e-02 5.147382634320347983e-02 6.863480276710345884e-02
0 0.000000000000000000e+00 0.000000000000000000e+00 0.000000000000000000e+00 0.000000000000000000e+00 0.000000000000000000e+00 0.000000000000000000e+00 0.000000000000000000e+00 0.000000000000000000e+00 6.726944119837370388e-03 1.471212314012865750e-02 4.343728778462568885e-02 6.842023005286182458e-02
0 0.000000000000000000e+00 0.000000000000000000e+00 0.000000000000000000e+00 0.000000000000000000e+00 0.000000000000000000e+00 0.000000000000000000e+00 0.000000000000000000e+00 0.000000000000000000e+00 1.865440592867138956e-03 1.086165361736692384e-02 3.458669175872289281e-02 7.026488636990750603e-02
