0.7266666666666667
0.5246153846153846
0.4060347060347061
0.389689569180497
0.38968424588511924
0.3732202156211618
0.37619423472889496
0.34162757817697936
0.3573115526423597
0.3489865414710485
0.3522862560804683
0.3364738348323794
0.33422129931770994
0.30830423940149626
0.311993993993994
0.33022417582417585
0.32116788321167883
0.31694252873563217
0.33454014598540144
0.3427014218009479
0.37878504672897195
0.3355395683453238
0.39036144578313253
0.45212121212121215
0.3213043478260869
0.0542947702060221839