# Enu (MeV) MiniBooNE_ratio MicroBooNE_ratio
0.0 9.727182938124682154e-01 4.484592568677105540e+00
1.351151151151151169e+02 9.727182938124682154e-01 4.484592568677105540e+00
2.602302302302302337e+02 2.864018767722264158e+00 6.470411838880884225e+00
3.853453453453453790e+02 3.357703739548083099e+00 6.472193827893406137e+00
5.104604604604604674e+02 3.459177821261669283e+00 5.894639584331141435e+00
6.355755755755754990e+02 3.427802332456312939e+00 5.256603812654328856e+00
7.606906906906907579e+02 3.291716784961442599e+00 4.744676243464517995e+00
8.858058058058057895e+02 3.125083553570803474e+00 4.288584323085808059e+00
1.010920920920920935e+03 2.964184154258748372e+00 3.951338995244663810e+00
1.136036036036035966e+03 2.826397348730170123e+00 3.677301387847978553e+00
1.261151151151150998e+03 2.718994032963437224e+00 3.463600409163144711e+00
1.386266266266266257e+03 2.619563393898092674e+00 3.308320399021762004e+00
1.511381381381381516e+03 2.537758992721775186e+00 3.178051482207625789e+00
1.636496496496496547e+03 2.468977888509594099e+00 3.062368820164833139e+00
1.761611611611611579e+03 2.417902563393699022e+00 2.980235439841631528e+00
1.886726726726726611e+03 2.366792225268461447e+00 2.906367581821731605e+00
2.011841841841841642e+03 2.323174017122915824e+00 2.842962670951462378e+00
2.136956956956956674e+03 2.292970374749523366e+00 2.791307032376537656e+00
2.262072072072071933e+03 2.262506241559935294e+00 2.741759530830795377e+00
2.387187187187187192e+03 2.235852808044396234e+00 2.704608890253861198e+00
2.512302302302301996e+03 2.212545266827074197e+00 2.672009361872650590e+00
2.637417417417417255e+03 2.194277664322169752e+00 2.643263360689167563e+00
2.762532532532532059e+03 2.175043401790912601e+00 2.621497288411132498e+00
2.887647647647647318e+03 2.160826135171388440e+00 2.599272949486218565e+00
3.012762762762762577e+03 2.149417797779382244e+00 2.578328311787528193e+00
3.137877877877877381e+03 2.135965988078854849e+00 2.559241053628579454e+00
3.262992992992992640e+03 2.123543509914364247e+00 2.541167808996283473e+00
3.388108108108107899e+03 2.113971627420828892e+00 2.526005439488984816e+00
3.513223223223223158e+03 2.101369495942658538e+00 2.515997311904007550e+00
3.638338338338337962e+03 2.091252705461174699e+00 2.501696419321876697e+00
3.763453453453453221e+03 2.083112559495666538e+00 2.486410730867739005e+00
3.888568568568568026e+03 2.074944631144377549e+00 2.474597102245190694e+00
4.013683683683683284e+03 2.068411276160359247e+00 2.462709423975127709e+00
4.138798798798798089e+03 2.061329493888185205e+00 2.450998036535863456e+00
4.263913913913914257e+03 2.053548356699973709e+00 2.441211897579408596e+00
4.389029029029028607e+03 2.047130542761676164e+00 2.434381556782123202e+00
4.514144144144143866e+03 2.041161413471716646e+00 2.427030785930930357e+00
4.639259259259258215e+03 2.034818013947609305e+00 2.417759945621896112e+00
4.764374374374374383e+03 2.028601309048809309e+00 2.409598563201849508e+00
4.889489489489488733e+03 2.023406837508032297e+00 2.402955661433625156e+00
5.014604604604603992e+03 2.019931118497793054e+00 2.396617521278938234e+00
5.139719719719720160e+03 2.016676006102266605e+00 2.390542431640191090e+00
5.264834834834834510e+03 2.012067288628329731e+00 2.384902689054086533e+00
5.389949949949949769e+03 2.006774715534102249e+00 2.379164554408467414e+00
5.515065065065064118e+03 2.001885042344620391e+00 2.373063049733589835e+00
5.640180180180180287e+03 1.998324614114892483e+00 2.367582161997245915e+00
5.765295295295294636e+03 1.996441833363798324e+00 2.363502093728318876e+00
5.890410410410409895e+03 1.994886644647030804e+00 2.360304779660431951e+00
6.015525525525525154e+03 1.992322442460800813e+00 2.357278433765897852e+00
6.140640640640640413e+03 1.989177757247282186e+00 2.354203048415344224e+00
6.265755755755755672e+03 1.986362012952113787e+00 2.351048865600525506e+00
6.390870870870870021e+03 1.984134516931503001e+00 2.347779578518701893e+00
6.515985985985986190e+03 1.982357090257043541e+00 2.344336720404148089e+00
6.641101101101100539e+03 1.980834696820452434e+00 2.340860232897271853e+00
6.766216216216215798e+03 1.979302717352788621e+00 2.337798966600810768e+00
6.891331331331330148e+03 1.977530945109043925e+00 2.335442810842808026e+00
7.016446446446446316e+03 1.975637789016368551e+00 2.333445884888689204e+00
7.141561561561560666e+03 1.973856635009827887e+00 2.331284084509870347e+00
7.266676676676675925e+03 1.972282289660259647e+00 2.328822900218034953e+00
7.391791791791792093e+03 1.970812351273852681e+00 2.326513092244413272e+00
7.516906906906906443e+03 1.969347000784062995e+00 2.324785879517672349e+00
7.642022022022021702e+03 1.967937323166530694e+00 2.323465523725916526e+00
7.767137137137136051e+03 1.966733595014365621e+00 2.321980047370697964e+00
7.892252252252252219e+03 1.965842468261954634e+00 2.319879241922063073e+00
8.017367367367366569e+03 1.965119192615313981e+00 2.317401303949859770e+00
8.142482482482481828e+03 1.964323346325832720e+00 2.315047174824353959e+00
8.267597597597596177e+03 1.963281310508909749e+00 2.313212514067102710e+00
8.392712712712711436e+03 1.962144197911586119e+00 2.311843163042710980e+00
8.517827827827828514e+03 1.961168351518672193e+00 2.310732530519147954e+00
8.642942942942943773e+03 1.960559810560077887e+00 2.309703521242318480e+00
8.768058058058057213e+03 1.960234153441834160e+00 2.308721998462132330e+00
8.893173173173172472e+03 1.959981740386475213e+00 2.307818123479902450e+00
9.018288288288287731e+03 1.959612988482042573e+00 2.307019800202059656e+00
9.143403403403402990e+03 1.959057477927277802e+00 2.306246083122722279e+00
9.268518518518516430e+03 1.958339607940048133e+00 2.305321767403539113e+00
9.393633633633633508e+03 1.957486544718744836e+00 2.304079255807681026e+00
9.518748748748748767e+03 1.956550351475751182e+00 2.302499569936482526e+00
9.643863863863864026e+03 1.955641052555423309e+00 2.300900146847139727e+00
9.768978978978979285e+03 1.954865154140721595e+00 2.299622480304296612e+00
9.894094094094092725e+03 1.954313674194895878e+00 2.298961460440760884e+00
1.001920920920920798e+04 1.953962110055918133e+00 2.298838874841101720e+00
1.014432432432432324e+04 1.953704961617560798e+00 2.298918839107438217e+00
1.026943943943944032e+04 1.953439402793287538e+00 2.298874862580780221e+00
1.039455455455455376e+04 1.953086621118536481e+00 2.298454740949426700e+00
1.051966966966966902e+04 1.952662668138758661e+00 2.297716655839339595e+00
1.064478478478478428e+04 1.952211807943190935e+00 2.296812936352515155e+00
1.076989989989989954e+04 1.951777498475711914e+00 2.295890712416523538e+00
1.089501501501501480e+04 1.951393446153182776e+00 2.295063773431471166e+00
1.102013013013012824e+04 1.951054389857576510e+00 2.294329702903155965e+00
1.114524524524524531e+04 1.950746215874156642e+00 2.293659420022368334e+00
1.127036036036036057e+04 1.950452053528829444e+00 2.293021002978119061e+00
1.139547547547547583e+04 1.950158866245715661e+00 2.292389012972939621e+00
1.152059059059058927e+04 1.949867398185670453e+00 2.291762177100788112e+00
1.164570570570570453e+04 1.949580761918411120e+00 2.291144640379382480e+00
1.177082082082081979e+04 1.949301146785375805e+00 2.290539735595159776e+00
1.189593593593593505e+04 1.949030382236874637e+00 2.289950362112513016e+00
1.202105105105105213e+04 1.948767080054830902e+00 2.289375812548261280e+00
1.214616616616616557e+04 1.948508524027879885e+00 2.288813679169351634e+00
1.227128128128128083e+04 1.948252038986377999e+00 2.288261543308214740e+00
1.239639639639639609e+04 1.947995423555659578e+00 2.287717500344459420e+00
1.252151151151151134e+04 1.947740385526685714e+00 2.287181952646329730e+00
1.264662662662662478e+04 1.947493986851932757e+00 2.286657204255447606e+00
1.277174174174174004e+04 1.947263627695056787e+00 2.286145628913865746e+00
1.289685685685685530e+04 1.947055715092053774e+00 2.285648715500974593e+00
1.302197197197197238e+04 1.946874886713093611e+00 2.285166773535159734e+00
1.314708708708708764e+04 1.946718226088196557e+00 2.284700525544375527e+00
1.327220220220220108e+04 1.946576189488172348e+00 2.284250994465887530e+00
1.339731731731731634e+04 1.946438062275706704e+00 2.283817817739984157e+00
1.352243243243243160e+04 1.946292381959797924e+00 2.283399580566767284e+00
1.364754754754754686e+04 1.946128704811751708e+00 2.282994551980269904e+00
1.377266266266266030e+04 1.945946594900164195e+00 2.282597904742452055e+00
1.389777777777777737e+04 1.945753157856899174e+00 2.282203575003114437e+00
1.402289289289289263e+04 1.945555978573705547e+00 2.281806221982231708e+00
1.414800800800800789e+04 1.945362483591098979e+00 2.281400802169240905e+00
1.427312312312312315e+04 1.945179774602247003e+00 2.280982985128880092e+00
1.439823823823823659e+04 1.945010310940567866e+00 2.280557161475639472e+00
1.452335335335335185e+04 1.944851721311287474e+00 2.280135566667833125e+00
1.464846846846846711e+04 1.944701499247321275e+00 2.279730368481352354e+00
1.477358358358358419e+04 1.944557172286563329e+00 2.279353276505408310e+00
1.489869869869869763e+04 1.944415957817462015e+00 2.279015164188080256e+00
1.502381381381381289e+04 1.944276004752093279e+00 2.278719136287132851e+00
1.514892892892892814e+04 1.944138824919085851e+00 2.278448929963648784e+00
1.527404404404404340e+04 1.944006431637447685e+00 2.278185507358182704e+00
1.539915915915915866e+04 1.943880218450382502e+00 2.277909745984000978e+00
1.552427427427427210e+04 1.943760308713367468e+00 2.277601753516267369e+00
1.564938938938938918e+04 1.943646558863003415e+00 2.277242857912667340e+00
1.577450450450450444e+04 1.943538178380291859e+00 2.276834813604511343e+00
1.589961961961961970e+04 1.943433788335921175e+00 2.276399267762280409e+00
1.602473473473473496e+04 1.943332141891636500e+00 2.275958247588702132e+00
1.614984984984985022e+04 1.943232087918744355e+00 2.275533200714809023e+00
1.627496496496496547e+04 1.943132487981280354e+00 2.275144921463508219e+00
1.640008008008007891e+04 1.943032242724960446e+00 2.274812159990670324e+00
1.652519519519519599e+04 1.942930362841107206e+00 2.274531908539242586e+00
1.665031031031030943e+04 1.942826430967424356e+00 2.274285595511125191e+00
1.677542542542542651e+04 1.942720209640377504e+00 2.274054943235632731e+00
1.690054054054053995e+04 1.942611463892915280e+00 2.273822189256780035e+00
1.702565565565565703e+04 1.942499967853923204e+00 2.273570083075773240e+00
1.715077077077077411e+04 1.942385527470802176e+00 2.273282272361527134e+00
1.727588588588588755e+04 1.942268632200214062e+00 2.272955927490906802e+00
1.740100100100100099e+04 1.942150621090921847e+00 2.272604083835627176e+00
1.752611611611611806e+04 1.942032820864119325e+00 2.272240323809040508e+00
1.765123123123123150e+04 1.941916514173309016e+00 2.271877844792990153e+00
1.777634634634634858e+04 1.941803032365664317e+00 2.271529599693978607e+00
1.790146146146146202e+04 1.941693601749951092e+00 2.271208120705046962e+00
1.802657657657657546e+04 1.941589083704552854e+00 2.270922505414966874e+00
1.815169169169169254e+04 1.941488821292912892e+00 2.270667674782492540e+00
1.827680680680680598e+04 1.941391725862115170e+00 2.270434746659922176e+00
1.840192192192192306e+04 1.941296725288677916e+00 2.270215053425423957e+00
1.852703703703703650e+04 1.941202769173088871e+00 2.270000138866494765e+00
1.865215215215214994e+04 1.941108851506000210e+00 2.269781783177327039e+00
1.877726726726727065e+04 1.941014024135790939e+00 2.269552021500777172e+00
1.890238238238238409e+04 1.940917794259594764e+00 2.269306322223831884e+00
1.902749749749750117e+04 1.940820617340341725e+00 2.269047624395390539e+00
1.915261261261261461e+04 1.940722994699724646e+00 2.268779721165493424e+00
1.927772772772772805e+04 1.940625435764992801e+00 2.268506340482909334e+00
1.940284284284284513e+04 1.940528446216766456e+00 2.268231128368393357e+00
1.952795795795795857e+04 1.940432521731356275e+00 2.267957641595613971e+00
1.965307307307307201e+04 1.940338145908515166e+00 2.267689347292566993e+00
1.977818818818818909e+04 1.940245653841380147e+00 2.267428674016283452e+00
1.990330330330330253e+04 1.940154966697669181e+00 2.267175132164092499e+00
2.002841841841841961e+04 1.940065930170281172e+00 2.266927709072160901e+00
2.015353353353353305e+04 1.939978386090179363e+00 2.266685409380976068e+00
2.027864864864864649e+04 1.939892183580784524e+00 2.266447267426868972e+00
2.040376376376376356e+04 1.939807163618773700e+00 2.266212325178114551e+00
2.052887887887888064e+04 1.939723052730147890e+00 2.265979494705159691e+00
2.065399399399399772e+04 1.939639516591193713e+00 2.265747674018528279e+00
2.077910910910911116e+04 1.939556397805567212e+00 2.265516412368442367e+00
2.090422422422422460e+04 1.939473651639348928e+00 2.265285670889359171e+00
2.102933933933934168e+04 1.939391222887622890e+00 2.265055403798606370e+00
2.115445445445445512e+04 1.939309022947639516e+00 2.264825527040577491e+00
2.127956956956957220e+04 1.939226897897480706e+00 2.264595869843601950e+00
2.140468468468468564e+04 1.939144656930497757e+00 2.264366210734007012e+00
2.152979979979979908e+04 1.939062119244630900e+00 2.264136335788099696e+00
2.165491491491491615e+04 1.938979086671008600e+00 2.263906017766588619e+00
2.178003003003002959e+04 1.938895181450315475e+00 2.263674869995759398e+00
2.190514514514514667e+04 1.938809996433288774e+00 2.263442493929929356e+00
2.203026026026026011e+04 1.938723355161017237e+00 2.263208795228197179e+00
2.215537537537537355e+04 1.938635258981515008e+00 2.262973892575586898e+00
2.228049049049049427e+04 1.938545728082359698e+00 2.262737926897885110e+00
2.240560560560560771e+04 1.938454780217806483e+00 2.262501034129267730e+00
2.253072072072072115e+04 1.938362424980990095e+00 2.262263338781075106e+00
2.265583583583583822e+04 1.938268690114020476e+00 2.262024970315535732e+00
2.278095095095095166e+04 1.938173825035112152e+00 2.261786193029309278e+00
2.290606606606606874e+04 1.938078277907666624e+00 2.261547429925206742e+00
2.303118118118118218e+04 1.937982526068659617e+00 2.261309125853050439e+00
2.315629629629629562e+04 1.937887036267607499e+00 2.261071714963501567e+00
2.328141141141141270e+04 1.937792264785221708e+00 2.260835621555776775e+00
2.340652652652652614e+04 1.937698658481371350e+00 2.260601261032273879e+00
2.353164164164164322e+04 1.937606639220397442e+00 2.260369017085991139e+00
2.365675675675675666e+04 1.937516456513669327e+00 2.260139055206452863e+00
2.378187187187187010e+04 1.937428046473194110e+00 2.259911321293760267e+00
2.390698698698698718e+04 1.937341071876315990e+00 2.259685711777945194e+00
2.403210210210210425e+04 1.937255168885935630e+00 2.259462119992469820e+00
2.415721721721721769e+04 1.937169975560234292e+00 2.259240433958933814e+00
2.428233233233233477e+04 1.937085138558869657e+00 2.259020544864250635e+00
2.440744744744744821e+04 1.937000301938753610e+00 2.258802330571126227e+00
2.453256256256256529e+04 1.936914999566723639e+00 2.258585530265226016e+00
2.465767767767767873e+04 1.936828652085184288e+00 2.258369781645361396e+00
2.478279279279279217e+04 1.936740680300214512e+00 2.258154720758428713e+00
2.490790790790790925e+04 1.936650740763554035e+00 2.257939972860623534e+00
2.503302302302302269e+04 1.936558922039895103e+00 2.257725143805144441e+00
2.515813813813813977e+04 1.936465369560350203e+00 2.257509859612073733e+00
2.528325325325325321e+04 1.936370258703815850e+00 2.257293795358552124e+00
2.540836836836836665e+04 1.936273893769029808e+00 2.257076797710049210e+00
2.553348348348348372e+04 1.936176781166674354e+00 2.256858919902668958e+00
2.565859859859859716e+04 1.936079470219554288e+00 2.256640262476269587e+00
2.578371371371371424e+04 1.935982480072635736e+00 2.256420900300645460e+00
2.590882882882883132e+04 1.935886305942191354e+00 2.256200890141298654e+00
2.603394394394394476e+04 1.935791332213043558e+00 2.255980298298472686e+00
2.615905905905906184e+04 1.935697391717458027e+00 2.255759244773089645e+00
2.628417417417417528e+04 1.935604197160997408e+00 2.255537943254224409e+00
2.640928928928929236e+04 1.935511603968423033e+00 2.255316744878193447e+00
2.653440440440440580e+04 1.935419551340294975e+00 2.255096053626922448e+00
2.665951951951951924e+04 1.935327983080552539e+00 2.254876264782676110e+00
2.678463463463463631e+04 1.935236841660378460e+00 2.254657763278388405e+00
2.690974974974974975e+04 1.935146072080639046e+00 2.254440929200827615e+00
2.703486486486486319e+04 1.935055629726195381e+00 2.254226146912583939e+00
2.715997997997998027e+04 1.934965461772815143e+00 2.254013780550767621e+00
2.728509509509509371e+04 1.934875495723225924e+00 2.253803981437979775e+00
2.741021021021021079e+04 1.934785844725346537e+00 2.253596649898422122e+00
2.753532532532532423e+04 1.934696660134965773e+00 2.253391663241302911e+00
2.766044044044044131e+04 1.934608125706335890e+00 2.253188946228374068e+00
2.778555555555555839e+04 1.934520429002514641e+00 2.252988433333405816e+00
2.791067067067067183e+04 1.934433754316076337e+00 2.252790060341369305e+00
2.803578578578578890e+04 1.934348281114858903e+00 2.252593762846639702e+00
2.816090090090090234e+04 1.934264161677411886e+00 2.252399447428239387e+00
2.828601601601601578e+04 1.934181369251765759e+00 2.252206788876006449e+00
2.841113113113113286e+04 1.934099704828926125e+00 2.252015279348075882e+00
2.853624624624624630e+04 1.934018920662400554e+00 2.251824415348958386e+00
2.866136136136136338e+04 1.933938667632800312e+00 2.251633872806267256e+00
2.878647647647647682e+04 1.933858561101963414e+00 2.251443404745019361e+00
2.891159159159159026e+04 1.933778216180725762e+00 2.251252759584131180e+00
2.903670670670670734e+04 1.933697250277044644e+00 2.251061685178758154e+00
2.916182182182182078e+04 1.933615290959779687e+00 2.250869938725138297e+00
2.928693693693693422e+04 1.933532066986830777e+00 2.250677409816525198e+00
2.941205205205205493e+04 1.933447436532995445e+00 2.250484141215831180e+00
2.953716716716716837e+04 1.933361286111537014e+00 2.250290194903270091e+00
2.966228228228228545e+04 1.933273503254778758e+00 2.250095631340691682e+00
2.978739739739739889e+04 1.933183977091794459e+00 2.249900509991034525e+00
2.991251251251251233e+04 1.933092607458729795e+00 2.249704790240561358e+00
3.003762762762762941e+04 1.932999324170896038e+00 2.249508116744125985e+00
3.016274274274274285e+04 1.932904063548196216e+00 2.249310076930574276e+00
3.028785785785785993e+04 1.932806800609253806e+00 2.249110316738062387e+00
3.041297297297297337e+04 1.932707704040637076e+00 2.248908748917319400e+00
3.053808808808808681e+04 1.932607024637912785e+00 2.248705388299188979e+00
3.066320320320320388e+04 1.932505016778527596e+00 2.248500255339866083e+00
3.078831831831831732e+04 1.932401930818548719e+00 2.248293369568582278e+00
3.091343343343343440e+04 1.932298012020076783e+00 2.248084748864812354e+00
3.103854854854854784e+04 1.932193500667982455e+00 2.247874409740926449e+00
3.116366366366366492e+04 1.932088633210547579e+00 2.247662368426048829e+00
3.128877877877878200e+04 1.931983639464815106e+00 2.247448688844666531e+00
3.141389389389389544e+04 1.931878704577673300e+00 2.247233745463742327e+00
3.153900900900900888e+04 1.931773937170690125e+00 2.247017963614130309e+00
3.166412412412412596e+04 1.931669433895055077e+00 2.246801745015200691e+00
3.178923923923923940e+04 1.931565291087973479e+00 2.246585486099185847e+00
3.191435435435435647e+04 1.931461603740705302e+00 2.246369577461815759e+00
3.203946946946946628e+04 1.931358465428111959e+00 2.246154403690539425e+00
3.216458458458457972e+04 1.931255968310381377e+00 2.245940343464919664e+00
3.228969969969969679e+04 1.931154203498912647e+00 2.245727770167345483e+00
3.241481481481481023e+04 1.931053262613413812e+00 2.245517053707813293e+00
3.253992992992992731e+04 1.930953217342979311e+00 2.245308532481264052e+00
3.266504504504504075e+04 1.930854028381151721e+00 2.245102392423906412e+00
3.279016016016015783e+04 1.930755612496967366e+00 2.244898709091257327e+00
3.291527527527527127e+04 1.930657905523185836e+00 2.244697356506634822e+00
3.304039039039038471e+04 1.930560849649243460e+00 2.244498163280716163e+00
3.316550550550549815e+04 1.930464387284635208e+00 2.244300959598655165e+00
3.329062062062061159e+04 1.930368459648093227e+00 2.244105576344763264e+00
3.341573573573573231e+04 1.930273008604456608e+00 2.243911846943316579e+00
3.354085085085084575e+04 1.930177976878792334e+00 2.243719607283097162e+00
3.366596596596595919e+04 1.930083308249834095e+00 2.243528695952040408e+00
3.379108108108107263e+04 1.929988958403167087e+00 2.243338968681310774e+00
3.391619619619619334e+04 1.929894902107159194e+00 2.243150304697407726e+00
3.404131131131131406e+04 1.929801122014225490e+00 2.242962589377044846e+00
3.416642642642642750e+04 1.929707603255790493e+00 2.242775711850497622e+00
3.429154154154154094e+04 1.929614329900254610e+00 2.242589564039340733e+00
3.441665665665665438e+04 1.929521274632177263e+00 2.242404051389343511e+00
3.454177177177176782e+04 1.929428403087845023e+00 2.242219088507405811e+00
3.466688688688688853e+04 1.929335681378687495e+00 2.242034591586731462e+00
3.479200200200200197e+04 1.929243076122768130e+00 2.241850478111993894e+00
3.491711711711711541e+04 1.929150553964516623e+00 2.241666666144711328e+00
3.504223223223222885e+04 1.929058091890067939e+00 2.241483088310194827e+00
3.516734734734734229e+04 1.928965674609209424e+00 2.241299689559824060e+00
3.529246246246246301e+04 1.928873282300409997e+00 2.241116410823861482e+00
3.541757757757757645e+04 1.928780895430192821e+00 2.240933193960169767e+00
3.554269269269268989e+04 1.928688495815770398e+00 2.240749982232475901e+00
3.566780780780780333e+04 1.928596065807330007e+00 2.240566719715123334e+00
3.579292292292291677e+04 1.928503588561045756e+00 2.240383352425857844e+00
3.591803803803803748e+04 1.928411051263734910e+00 2.240199837350636880e+00
3.604315315315315092e+04 1.928318448614325442e+00 2.240016188494117877e+00
3.616826826826826436e+04 1.928225779149324248e+00 2.239832450406266773e+00
3.629338338338337780e+04 1.928133041585046170e+00 2.239648667524464010e+00
3.641849849849849124e+04 1.928040234583280776e+00 2.239464884193473448e+00
3.654361361361361196e+04 1.927947357156504671e+00 2.239281145995828393e+00
3.666872872872872540e+04 1.927854406926726494e+00 2.239097495787216285e+00
3.679384384384383884e+04 1.927761372130425421e+00 2.238913963049622424e+00
3.691895895895895228e+04 1.927668237687581554e+00 2.238730572785584627e+00
3.704407407407406572e+04 1.927574988118694987e+00 2.238547348894430300e+00
3.716918918918918644e+04 1.927481606872727626e+00 2.238364313228050406e+00
3.729430430430429988e+04 1.927388077422939272e+00 2.238181487090662003e+00
3.741941941941942059e+04 1.927294383547404344e+00 2.237998891670324397e+00
3.754453453453453403e+04 1.927200510776437836e+00 2.237816550180982134e+00
3.766964964964964747e+04 1.927106467553175051e+00 2.237634499353250206e+00
3.779476476476476091e+04 1.927012278711420334e+00 2.237452754703574964e+00
3.791987987987988163e+04 1.926917969096766825e+00 2.237271324178924825e+00
3.804499499499499507e+04 1.926823562529731859e+00 2.237090214742278871e+00
3.817011011011010851e+04 1.926729082778637414e+00 2.236909433892815713e+00
3.829522522522522195e+04 1.926634553608678857e+00 2.236728989171435256e+00
3.842034034034033539e+04 1.926539998488878913e+00 2.236548887846959044e+00
3.854545545545545610e+04 1.926445434268628798e+00 2.236369128271901818e+00
3.867057057057056954e+04 1.926350853303658850e+00 2.236189675359021134e+00
3.879568568568568298e+04 1.926256243165475945e+00 2.236010487694975790e+00
3.892080080080079642e+04 1.926161592791062915e+00 2.235831525962060695e+00
3.904591591591590986e+04 1.926066890278856247e+00 2.235652750195367577e+00
3.917103103103103058e+04 1.925972122432484834e+00 2.235474120317682445e+00
3.929614614614614402e+04 1.925877275489723983e+00 2.235295597102989973e+00
3.942126126126125746e+04 1.925782336559478614e+00 2.235117146065439542e+00
3.954637637637637090e+04 1.925687304258036248e+00 2.234938761746147140e+00
3.967149149149148434e+04 1.925592193378599326e+00 2.234760464574590433e+00
3.979660660660660506e+04 1.925497021327806202e+00 2.234582278474640304e+00
3.992172172172171850e+04 1.925401805464240335e+00 2.234404227256885811e+00
4.004683683683683194e+04 1.925306562928013054e+00 2.234226334432010130e+00
4.017195195195194538e+04 1.925211310630151162e+00 2.234048623199762940e+00
4.029706706706705882e+04 1.925116065209086846e+00 2.233871116390896194e+00
4.042218218218217953e+04 1.925020841650069148e+00 2.233693834897638286e+00
4.054729729729729297e+04 1.924925650222470974e+00 2.233516792971755649e+00
4.067241241241240641e+04 1.924830502293953360e+00 2.233340003501839366e+00
4.079752752752751985e+04 1.924735410125018253e+00 2.233163480010015078e+00
4.092264264264263329e+04 1.924640385854572422e+00 2.232987236319507129e+00
4.104775775775776128e+04 1.924545441829941916e+00 2.232811287356408325e+00
4.117287287287287472e+04 1.924450590517257309e+00 2.232635648087170743e+00
4.129798798798798816e+04 1.924355843639779629e+00 2.232460336066513396e+00
4.142310310310310160e+04 1.924261210952320500e+00 2.232285376316184511e+00
4.154821821821821504e+04 1.924166701766132137e+00 2.232110794941626786e+00
4.167333333333332848e+04 1.924072325864052191e+00 2.231936618651793491e+00
4.179844844844844920e+04 1.923978093046918803e+00 2.231762874033672350e+00
4.192356356356356264e+04 1.923884013466911291e+00 2.231589588001372082e+00
4.204867867867867608e+04 1.923790098961415396e+00 2.231416788541610075e+00
4.217379379379378952e+04 1.923696364011087123e+00 2.231244504581614496e+00
4.229890890890890296e+04 1.923602823273850904e+00 2.231072764831503186e+00
4.242402402402402367e+04 1.923509491211597089e+00 2.230901597308354134e+00
4.254913913913913711e+04 1.923416381906101646e+00 2.230731028594906462e+00
4.267425425425425055e+04 1.923323508596616938e+00 2.230561084094680790e+00
4.279936936936936399e+04 1.923230884180764599e+00 2.230391788661351793e+00
4.292448448448447743e+04 1.923138521403844114e+00 2.230223166849268246e+00
4.304959959959959815e+04 1.923046432861299282e+00 2.230055242918189240e+00
4.317471471471471159e+04 1.922954631116037705e+00 2.229888039055869076e+00
4.329982982982982503e+04 1.922863130722985758e+00 2.229721544377145648e+00
4.342494494494493847e+04 1.922771946507725982e+00 2.229555716847690050e+00
4.355006006006005191e+04 1.922681085998791950e+00 2.229390504270898798e+00
4.367517517517517263e+04 1.922590539139761079e+00 2.229225838946093496e+00
4.380029029029028607e+04 1.922500290316830007e+00 2.229061648954586250e+00
4.392540540540539951e+04 1.922410324098720480e+00 2.228897863264813761e+00
4.405052052052051295e+04 1.922320625268928218e+00 2.228734412441036206e+00
4.417563563563562639e+04 1.922231178950431607e+00 2.228571228542805205e+00
4.430075075075074710e+04 1.922141970359719787e+00 2.228408244316658404e+00
4.442586586586586054e+04 1.922052984433227696e+00 2.228245392849359963e+00
4.455098098098098126e+04 1.921964206085615690e+00 2.228082607815795591e+00
4.467609609609609470e+04 1.921875620385346428e+00 2.227919823639947339e+00
4.480121121121120814e+04 1.921787212726461469e+00 2.227756975712998244e+00
4.492632632632632885e+04 1.921698968791830220e+00 2.227594000328994461e+00
4.505144144144144229e+04 1.921610874355126120e+00 2.227430834161669093e+00
4.517655655655655573e+04 1.921522913632014218e+00 2.227267412990351136e+00
4.530167167167166917e+04 1.921435066093983624e+00 2.227103713848353816e+00
4.542678678678678261e+04 1.921347309864631203e+00 2.226939801313086331e+00
4.555190190190190333e+04 1.921259624369278329e+00 2.226775750605773929e+00
4.567701701701701677e+04 1.921171989605325647e+00 2.226611635730633587e+00
4.580213213213213021e+04 1.921084385761046676e+00 2.226447529223245514e+00
4.592724724724724365e+04 1.920996792844344103e+00 2.226283502242170531e+00
4.605236236236235709e+04 1.920909190776729503e+00 2.226119624732706637e+00
4.617747747747747053e+04 1.920821559690731428e+00 2.225955965850828555e+00
4.630259259259259125e+04 1.920733879934870991e+00 2.225792593984448953e+00
4.642770770770770469e+04 1.920646132026922581e+00 2.225629576714247992e+00
4.655282282282281813e+04 1.920558295938225468e+00 2.225466980143251394e+00
4.667793793793793157e+04 1.920470350806311677e+00 2.225304869168148514e+00
4.680305305305304501e+04 1.920382278445759816e+00 2.225143311181688510e+00
4.692816816816816572e+04 1.920294076160222296e+00 2.224982387033934028e+00
4.705328328328327916e+04 1.920205746200295938e+00 2.224822181334758842e+00
4.717839839839839260e+04 1.920117291136450577e+00 2.224662778242845196e+00
4.730351351351350604e+04 1.920028713530254061e+00 2.224504261122328241e+00
4.742862862862861948e+04 1.919940015238069453e+00 2.224346667726027071e+00
4.755374374374374020e+04 1.919851196551325190e+00 2.224189925433417869e+00
4.767885885885885364e+04 1.919762258001603161e+00 2.224033946448888077e+00
4.780397397397396708e+04 1.919673200743707620e+00 2.223878644493522572e+00
4.792908908908908052e+04 1.919584025968348318e+00 2.223723934253801104e+00
4.805420420420420123e+04 1.919494734856967089e+00 2.223569731327067700e+00
4.817931931931932195e+04 1.919405328542713951e+00 2.223415952155865849e+00
4.830443443443443539e+04 1.919315807934160567e+00 2.223262513789095340e+00
4.842954954954954883e+04 1.919226173235523580e+00 2.223109333454685643e+00
4.855466466466466227e+04 1.919136426328250433e+00 2.222956330918786083e+00
4.867977977977977571e+04 1.919046573517790621e+00 2.222803431180315314e+00
4.880489489489489642e+04 1.918956621310750288e+00 2.222650560276338005e+00
4.893001001001000986e+04 1.918866575863448665e+00 2.222497644731585620e+00
4.905512512512512330e+04 1.918776443239358809e+00 2.222344611640501455e+00
4.918024024024023674e+04 1.918686229560350620e+00 2.222191388430508230e+00
4.930535535535535018e+04 1.918595940990115434e+00 2.222037903216766530e+00
4.943047047047047090e+04 1.918505583669746661e+00 2.221884084910120905e+00
4.955558558558558434e+04 1.918415163778764310e+00 2.221729863721380038e+00
4.968070070070069778e+04 1.918324690588627091e+00 2.221575211920070458e+00
4.980581581581581122e+04 1.918234178811066615e+00 2.221420174678707671e+00
4.993093093093092466e+04 1.918143643600933590e+00 2.221264804108205482e+00
5.005604604604604538e+04 1.918053099928672678e+00 2.221109151780709112e+00
5.018116116116115882e+04 1.917962565338905190e+00 2.220953272186647176e+00
5.030627627627627226e+04 1.917872058573385274e+00 2.220797221668102672e+00
5.043139139139138570e+04 1.917781590171321993e+00 2.220641048385885608e+00
5.055650650650649914e+04 1.917691168715000449e+00 2.220484798240466962e+00
5.068162162162161258e+04 1.917600802658502968e+00 2.220328516615869052e+00
5.080673673673673329e+04 1.917510500312801014e+00 2.220172248382644042e+00
5.093185185185184673e+04 1.917420269835706570e+00 2.220016038171185979e+00
5.105696696696696017e+04 1.917330119091298135e+00 2.219859930252173541e+00
5.118208208208207361e+04 1.917240055847984070e+00 2.219703968442337860e+00
5.130719719719718705e+04 1.917150088175138656e+00 2.219548196489399050e+00
5.143231231231230777e+04 1.917060224201266649e+00 2.219392657834189375e+00
5.155742742742742121e+04 1.916970471969728251e+00 2.219237395482949182e+00
5.168254254254254192e+04 1.916880839439296436e+00 2.219082452012183015e+00
5.180765765765765536e+04 1.916791334485550946e+00 2.218927869574252476e+00
5.193277277277276880e+04 1.916701964921435408e+00 2.218773688629379848e+00
5.205788788788788952e+04 1.916612736146711349e+00 2.218619923037737252e+00
5.218300300300300296e+04 1.916523648427918447e+00 2.218466560915310914e+00
5.230811811811811640e+04 1.916434698361495936e+00 2.218313586660053183e+00
5.243323323323322984e+04 1.916345882164346870e+00 2.218160984456168716e+00
5.255834834834834328e+04 1.916257195566516858e+00 2.218008738127728030e+00
5.268346346346346400e+04 1.916168634153026185e+00 2.217856831477099444e+00
5.280857857857857744e+04 1.916080193614341232e+00 2.217705248389430839e+00
5.293369369369369088e+04 1.915991869886331855e+00 2.217553972856031841e+00
5.305880880880880432e+04 1.915903658992488268e+00 2.217402989024453763e+00
5.318392392392391776e+04 1.915815557005196679e+00 2.217252281204896480e+00
5.330903903903903847e+04 1.915727560076466052e+00 2.217101833907435537e+00
5.343415415415415191e+04 1.915639664301665546e+00 2.216951631624133334e+00
5.355926926926926535e+04 1.915551865649044894e+00 2.216801658771183181e+00
5.368438438438437879e+04 1.915464160149203954e+00 2.216651899937774228e+00
5.380949949949949223e+04 1.915376544077869392e+00 2.216502340001700766e+00
5.393461461461461295e+04 1.915289009342592275e+00 2.216352957990635808e+00
5.405972972972972639e+04 1.915201544313002380e+00 2.216203727631175013e+00
5.418484484484483983e+04 1.915114141736121045e+00 2.216054626333048283e+00
5.430995995995995327e+04 1.915026795388466763e+00 2.215905632517689572e+00
5.443507507507506671e+04 1.914939499998344008e+00 2.215756729591547014e+00
5.456019019019018742e+04 1.914852254570027945e+00 2.215607923948827107e+00
5.468530530530530086e+04 1.914765059281292148e+00 2.215459228668317238e+00
5.481042042042041430e+04 1.914677914169937267e+00 2.215310656775221432e+00
5.493553553553552774e+04 1.914590819131704480e+00 2.215162221182733759e+00
5.506065065065064118e+04 1.914503773947774379e+00 2.215013934571080423e+00
5.518576576576576190e+04 1.914416778144978348e+00 2.214865809256886475e+00
5.531088088088088261e+04 1.914329831210478616e+00 2.214717857402936030e+00
5.543599599599599605e+04 1.914242932633329008e+00 2.214570091056739631e+00
5.556111111111110949e+04 1.914156081904465179e+00 2.214422522151847428e+00
5.568622622622622293e+04 1.914069278516681516e+00 2.214275162509120154e+00
5.581134134134133637e+04 1.913982521531068404e+00 2.214128023249387400e+00
5.593645645645645709e+04 1.913895805469486122e+00 2.213981109187934671e+00
5.606157157157157053e+04 1.913809123322385064e+00 2.213834422717209094e+00
5.618668668668668397e+04 1.913722470265873943e+00 2.213687968729550093e+00
5.631180180180179741e+04 1.913635841780648272e+00 2.213541752383614281e+00
5.643691691691691085e+04 1.913549233469965527e+00 2.213395778873174624e+00
5.656203203203203157e+04 1.913462641077808168e+00 2.213250053438908349e+00
5.668714714714714501e+04 1.913376060390742817e+00 2.213104581248105163e+00
5.681226226226225845e+04 1.913289487284914658e+00 2.212959367287958390e+00
5.693737737737737189e+04 1.913202917751671173e+00 2.212814416189052835e+00
5.706249249249248533e+04 1.913116347424543395e+00 2.212669721794170208e+00
5.718760760760760604e+04 1.913029771461738582e+00 2.212525263935310793e+00
5.731272272272271948e+04 1.912943185069940988e+00 2.212381021745761345e+00
5.743783783783783292e+04 1.912856583477822836e+00 2.212236974517098442e+00
5.756295295295294636e+04 1.912769961943191710e+00 2.212093101707394371e+00
5.768806806806805980e+04 1.912683315762624847e+00 2.211949382953405152e+00
5.781318318318318052e+04 1.912596640290618044e+00 2.211805798113313237e+00
5.793829829829829396e+04 1.912509935475859013e+00 2.211662333468764619e+00
5.806341341341340740e+04 1.912423208318634327e+00 2.211518985108362756e+00
5.818852852852852084e+04 1.912336464136038972e+00 2.211375747315572404e+00
5.831364364364363428e+04 1.912249707253308673e+00 2.211232613288910631e+00
5.843875875875875499e+04 1.912162941952756157e+00 2.211089576270890866e+00
5.856387387387386843e+04 1.912076172405253960e+00 2.210946629389863638e+00
5.868898898898898187e+04 1.911989402653058612e+00 2.210803765680665389e+00
5.881410410410410259e+04 1.911902636711987569e+00 2.210660978320940995e+00
5.893921921921921603e+04 1.911815878602880492e+00 2.210518260730129914e+00
5.906433433433433675e+04 1.911729132331461356e+00 2.210375606409378690e+00
5.918944944944945019e+04 1.911642401910951028e+00 2.210233008960857060e+00
5.931456456456456363e+04 1.911555691425816272e+00 2.210090462145000600e+00
5.943967967967967706e+04 1.911469004944933214e+00 2.209947959794803740e+00
5.956479479479479050e+04 1.911382346503287977e+00 2.209805495798505603e+00
5.968990990990990394e+04 1.911295719995831810e+00 2.209663065605778520e+00
5.981502502502502466e+04 1.911209128667888502e+00 2.209520673381804468e+00
5.994014014014013810e+04 1.911122575591887918e+00 2.209378326436346907e+00
6.006525525525525154e+04 1.911036068941132982e+00 2.209236039049645495e+00
6.019037037037036498e+04 1.910949624015266801e+00 2.209093835472259126e+00
6.031548548548547842e+04 1.910863253833919861e+00 2.208951738264562703e+00
6.044060060060059914e+04 1.910776970135860564e+00 2.208809768803987161e+00
6.056571571571571258e+04 1.910690784547529386e+00 2.208667948272120984e+00
6.069083083083082602e+04 1.910604708448314870e+00 2.208526297521143267e+00
6.081594594594593946e+04 1.910518753002652392e+00 2.208384837116043720e+00
6.094106106106105290e+04 1.910432929279711756e+00 2.208243587428277976e+00
6.106617617617617361e+04 1.910347248222605376e+00 2.208102568537269050e+00
6.119129129129128705e+04 1.910261720590354928e+00 2.207961800298666954e+00
6.131640640640640049e+04 1.910176356948872556e+00 2.207821302316346213e+00
6.144152152152151393e+04 1.910091167706293280e+00 2.207681093968839825e+00
6.156663663663662737e+04 1.910006163184038819e+00 2.207541194473050528e+00
6.169175175175174809e+04 1.909921353622897167e+00 2.207401622891532078e+00
6.181686686686686153e+04 1.909836749252456611e+00 2.207262398228277522e+00
6.194198198198197497e+04 1.909752360301727903e+00 2.207123539443757387e+00
6.206709709709708841e+04 1.909668196956521014e+00 2.206985065387892853e+00
6.219221221221220185e+04 1.909584268671537632e+00 2.206846993764304710e+00
6.231732732732732984e+04 1.909500577217725148e+00 2.206709331615779757e+00
6.244244244244244328e+04 1.909417121118738736e+00 2.206572081113408856e+00
6.256755755755755672e+04 1.909333900609986312e+00 2.206435244096851989e+00
6.269267267267267016e+04 1.909250916337025039e+00 2.206298820068101296e+00
6.281778778778778360e+04 1.909168168780877917e+00 2.206162808175812451e+00
6.294290290290290432e+04 1.909085658397494889e+00 2.206027207559590586e+00
6.306801801801801776e+04 1.909003385639157502e+00 2.205892017366808844e+00
6.319313313313313120e+04 1.908921350954601026e+00 2.205757236764611662e+00
6.331824824824824464e+04 1.908839554769231839e+00 2.205622864931521487e+00
6.344336336336335808e+04 1.908757997398555117e+00 2.205488900818382003e+00
6.356847847847847879e+04 1.908676679102659701e+00 2.205355343299393756e+00
6.369359359359359223e+04 1.908595599874909343e+00 2.205222190992999209e+00
6.381870870870870567e+04 1.908514759516876325e+00 2.205089442351475082e+00
6.394382382382381911e+04 1.908434157826096822e+00 2.204957095835410552e+00
6.406893893893893983e+04 1.908353794619966237e+00 2.204825149942719165e+00
6.419405405405406054e+04 1.908273669860743205e+00 2.204693603349101583e+00
6.431916916916917398e+04 1.908193783599895221e+00 2.204562454834431140e+00
6.444428428428429470e+04 1.908114135521453925e+00 2.204431702684484851e+00
6.456939939939940086e+04 1.908034717463400920e+00 2.204301334430319947e+00
6.469451451451452158e+04 1.907955514007707354e+00 2.204171327621585519e+00
6.481962962962962774e+04 1.907876510491422373e+00 2.204041660666599345e+00
6.494474474474475574e+04 1.907797692769262587e+00 2.203912312636688853e+00
6.506985985985986190e+04 1.907719046977911059e+00 2.203783263003693538e+00
6.519497497497498262e+04 1.907640559480329179e+00 2.203654491529553727e+00
6.532009009009008878e+04 1.907562216965924984e+00 2.203525978345258984e+00
6.544520520520520950e+04 1.907484006278572286e+00 2.203397704458998962e+00
6.557032032032031566e+04 1.907405914632427812e+00 2.203269657338132070e+00
6.569543543543544365e+04 1.907327929860230364e+00 2.203141828335278607e+00
6.582055055055055709e+04 1.907250040042923533e+00 2.203014209108879129e+00
6.594566566566567053e+04 1.907172233351349444e+00 2.202886791380472609e+00
6.607078078078078397e+04 1.907094498046658870e+00 2.202759566932675828e+00
6.619589589589589741e+04 1.907016822478728502e+00 2.202632527607922164e+00
6.632101101101101085e+04 1.906939195085228800e+00 2.202505665307798122e+00
6.644612612612612429e+04 1.906861604390163611e+00 2.202378971991627576e+00
6.657124124124123773e+04 1.906784038939881132e+00 2.202252439589213129e+00
6.669635635635636572e+04 1.906706487245707571e+00 2.202126059923385171e+00
6.682147147147146461e+04 1.906628938076571744e+00 2.201999825139019595e+00
6.694658658658659260e+04 1.906551383999992133e+00 2.201873732580144960e+00
6.707170170170169149e+04 1.906473820618690418e+00 2.201747783642770795e+00
6.719681681681681948e+04 1.906396244136241647e+00 2.201621980214849117e+00
6.732193193193193292e+04 1.906318650913934931e+00 2.201496324276565275e+00
6.744704704704704636e+04 1.906241037339413413e+00 2.201370817790124779e+00
6.757216216216215980e+04 1.906163399826753757e+00 2.201245462700087252e+00
6.769727727727727324e+04 1.906085734816225230e+00 2.201120260933543182e+00
6.782239239239240123e+04 1.906008038774045232e+00 2.200995214400275568e+00
6.794750750750751467e+04 1.905930308192153033e+00 2.200870324987472593e+00
6.807262262262262811e+04 1.905852539605094265e+00 2.200745594526158921e+00
6.819773773773774155e+04 1.905774729638161524e+00 2.200621024831917794e+00
6.832285285285285499e+04 1.905696875023304759e+00 2.200496617803083144e+00
6.844796796796796843e+04 1.905618972550264578e+00 2.200372375364865185e+00
6.857308308308309643e+04 1.905541018997841229e+00 2.200248294954450401e+00
6.869819819819819531e+04 1.905463010749196329e+00 2.200124357044165091e+00
6.882331331331332331e+04 1.905384943683254395e+00 2.200000537801484857e+00
6.894842842842842219e+04 1.905306813646876929e+00 2.199876813504545225e+00
6.907354354354355019e+04 1.905228616516818851e+00 2.199753160608522773e+00
6.919865865865866363e+04 1.905150348199470489e+00 2.199629555744011533e+00
6.932377377377377707e+04 1.905072006254380668e+00 2.199505977940432899e+00
6.944888888888889051e+04 1.904993594748657149e+00 2.199382415269462321e+00
6.957400400400400395e+04 1.904915120335572976e+00 2.199258859042377168e+00
6.969911911911911739e+04 1.904836591203343144e+00 2.199135302119527235e+00
6.982423423423424538e+04 1.904758015621305756e+00 2.199011737547678980e+00
6.994934934934934427e+04 1.904679401774747927e+00 2.198888158393785819e+00
7.007446446446447226e+04 1.904600757740249950e+00 2.198764557707896472e+00
7.019957957957957115e+04 1.904522091543598084e+00 2.198640928595655186e+00
7.032469469469469914e+04 1.904443411106105932e+00 2.198517264159713935e+00
7.044980980980981258e+04 1.904364724247865848e+00 2.198393557510027740e+00
7.057492492492492602e+04 1.904286038725391483e+00 2.198269801853016236e+00
7.070004004004003946e+04 1.904207362216967958e+00 2.198145990471826128e+00
7.082515515515515290e+04 1.904128702340154078e+00 2.198022116700908413e+00
7.095027027027026634e+04 1.904050066657853479e+00 2.197898173925121768e+00
7.107538538538539433e+04 1.903971462677482407e+00 2.197774155578039679e+00
7.120050050050050777e+04 1.903892897852289101e+00 2.197650055142319481e+00
7.132561561561562121e+04 1.903814379582492666e+00 2.197525866149947049e+00
7.145073073073073465e+04 1.903735915215756913e+00 2.197401582181806035e+00
7.157584584584584809e+04 1.903657512047696843e+00 2.197277196867336357e+00
7.170096096096097608e+04 1.903579177348744711e+00 2.197152703933605622e+00
7.182607607607607497e+04 1.903500918235325745e+00 2.197028104588193642e+00
7.195119119119120296e+04 1.903422740693538895e+00 2.196903418722311319e+00
7.207630630630630185e+04 1.903344649867624305e+00 2.196778668403193358e+00
7.220142142142142984e+04 1.903266649601636384e+00 2.196653874364812964e+00
7.232653653653654328e+04 1.903188743360234358e+00 2.196529056865705432e+00
7.245165165165165672e+04 1.903110934585483749e+00 2.196404236020808476e+00
7.257676676676677016e+04 1.903033226695586499e+00 2.196279431801265947e+00
7.270188188188188360e+04 1.902955623084871650e+00 2.196154664035436799e+00
7.282699699699699704e+04 1.902878127123999397e+00 2.196029952410125663e+00
7.295211211211212503e+04 1.902800742160161374e+00 2.195905316471785440e+00
7.307722722722722392e+04 1.902723471517292708e+00 2.195780775619479819e+00
7.320234234234235191e+04 1.902646318496905797e+00 2.195656349070825630e+00
7.332745745745745080e+04 1.902569286379265590e+00 2.195532055892706946e+00
7.345257257257257879e+04 1.902492378415260088e+00 2.195407915007980382e+00
7.357768768768769223e+04 1.902415597823571947e+00 2.195283945181858432e+00
7.370280280280280567e+04 1.902338947883267961e+00 2.195160165128310581e+00
7.382791791791791911e+04 1.902262431864164549e+00 2.195036593443621786e+00
7.395303303303303255e+04 1.902186053013494416e+00 2.194913248592949451e+00
7.407814814814814599e+04 1.902109814556156131e+00 2.194790148911527350e+00
7.420326326326327398e+04 1.902033719694909530e+00 2.194667312605779408e+00
7.432837837837837287e+04 1.901957771610564452e+00 2.194544757754443687e+00
7.445349349349350086e+04 1.901881973418363403e+00 2.194422502245083617e+00
7.457860860860859975e+04 1.901806327561213816e+00 2.194300562880251881e+00
7.470372372372372774e+04 1.901730835295337929e+00 2.194178954944462134e+00
7.482883883883884118e+04 1.901655493625587612e+00 2.194057689404267819e+00
7.495395395395395462e+04 1.901580297934300390e+00 2.193936775521353244e+00
7.507906906906908262e+04 1.901505243632358733e+00 2.193816222489874068e+00
7.520418418418418150e+04 1.901430326310483698e+00 2.193696035751453444e+00
7.532929929929930950e+04 1.901355542036334834e+00 2.193576206856669319e+00
7.545441441441440838e+04 1.901280886965654338e+00 2.193456724154912774e+00
7.557952952952953638e+04 1.901206357287554605e+00 2.193337576088194130e+00
7.570464464464464982e+04 1.901131949217222727e+00 2.193218751178888759e+00
7.582975975975976326e+04 1.901057658995941591e+00 2.193100238058117935e+00
7.595487487487487670e+04 1.900983482894877064e+00 2.192982025483474651e+00
7.607998998998999014e+04 1.900909417214368569e+00 2.192864102294339368e+00
7.620510510510510358e+04 1.900835458280048185e+00 2.192746457406753446e+00
7.633022022022023157e+04 1.900761602442510467e+00 2.192629079812774773e+00
7.645533533533533046e+04 1.900687846077081522e+00 2.192511958579823617e+00
7.658045045045045845e+04 1.900614185583615168e+00 2.192395082850034704e+00
7.670556556556555734e+04 1.900540617386307973e+00 2.192278441839658143e+00
7.683068068068068533e+04 1.900467137933527173e+00 2.192162024838476331e+00
7.695579579579579877e+04 1.900393743691151771e+00 2.192045821207780243e+00
7.708091091091091221e+04 1.900320431031630175e+00 2.191929820265599460e+00
7.720602602602602565e+04 1.900247196268785688e+00 2.191814011313440336e+00
7.733114114114113909e+04 1.900174035686434282e+00 2.191698383668332806e+00
7.745625625625625253e+04 1.900100945747658310e+00 2.191582926878640869e+00
7.758137137137138052e+04 1.900027923739697977e+00 2.191467631387285397e+00
7.770648648648647941e+04 1.899954967191076927e+00 2.191352487931284898e+00
7.783160160160160740e+04 1.899882073646892655e+00 2.191237487310029319e+00
7.795671671671670629e+04 1.899809240668624666e+00 2.191122620384747144e+00
7.808183183183183428e+04 1.899736465834043431e+00 2.191007878078009341e+00
7.820694694694694772e+04 1.899663746737094927e+00 2.190893251373279504e+00
7.833206206206206116e+04 1.899591080987773406e+00 2.190778731314408923e+00
7.845717717717718915e+04 1.899518466211995049e+00 2.190664309005164512e+00
7.858229229229228804e+04 1.899445900051467406e+00 2.190549975597614107e+00
7.870740740740741603e+04 1.899373380125775501e+00 2.190435722572180222e+00
7.883252252252252947e+04 1.899300903638192706e+00 2.190321545895019373e+00
7.895763763763764291e+04 1.899228467531751452e+00 2.190207444770976952e+00
7.908275275275275635e+04 1.899156068766467920e+00 2.190093418483319176e+00
7.920786786786786979e+04 1.899083704327671374e+00 2.189979466326859914e+00
7.933298298298298323e+04 1.899011371226557054e+00 2.189865587609664210e+00
7.945809809809811122e+04 1.898939066494111705e+00 2.189751781645124851e+00
7.958321321321321011e+04 1.898866787180708560e+00 2.189638047751417016e+00
7.970832832832833810e+04 1.898794530356003429e+00 2.189524385251507166e+00
7.983344344344343699e+04 1.898722293108772829e+00 2.189410793473105965e+00
7.995855855855856498e+04 1.898650072546371970e+00 2.189297271748154028e+00
8.008367367367367842e+04 1.898577865311399604e+00 2.189183818821207161e+00
8.020878878878879186e+04 1.898505666670113667e+00 2.189070431727808241e+00
8.033390390390390530e+04 1.898433473906533830e+00 2.188957109401311829e+00
8.045901901901901874e+04 1.898361288412689918e+00 2.188843854780079035e+00
8.058413413413413218e+04 1.898289112031612103e+00 2.188730671215897150e+00
8.070924924924926017e+04 1.898216946752390832e+00 2.188617562183648335e+00
8.083436436436435906e+04 1.898144794606128949e+00 2.188504531192643210e+00
8.095947947947948705e+04 1.898072657612008385e+00 2.188391581730238400e+00
8.108459459459458594e+04 1.898000537781695085e+00 2.188278717266163298e+00
8.120970970970971393e+04 1.897928437114389189e+00 2.188165941246714929e+00
8.133482482482482737e+04 1.897856357593467713e+00 2.188053257091444159e+00
8.145993993993994081e+04 1.897784301189130218e+00 2.187940668200468064e+00
8.158505505505505425e+04 1.897712269858978340e+00 2.187828177988938805e+00
8.171017017017016769e+04 1.897640265549386474e+00 2.187715789871550243e+00
8.183528528528528113e+04 1.897568290194562080e+00 2.187603507240604372e+00
8.196040040040040913e+04 1.897496345716117139e+00 2.187491333465894527e+00
8.208551551551552257e+04 1.897424434023154749e+00 2.187379271894882571e+00
8.221063063063063601e+04 1.897352557012359275e+00 2.187267325852863653e+00
8.233574574574574945e+04 1.897280716567678827e+00 2.187155498643083895e+00
8.246086086086086289e+04 1.897208914610780228e+00 2.187043793319067841e+00
8.258597597597599088e+04 1.897137153358621653e+00 2.186932211626789968e+00
8.271109109109108977e+04 1.897065435125090405e+00 2.186820754853596060e+00
8.283620620620621776e+04 1.896993762209338241e+00 2.186709424277398561e+00
8.296132132132131665e+04 1.896922136903395728e+00 2.186598221176687673e+00
8.308643643643644464e+04 1.896850561614254582e+00 2.186487146979672502e+00
8.321155155155155808e+04 1.896779038805624262e+00 2.186376203200234070e+00
8.333666666666667152e+04 1.896707570686756661e+00 2.186265391118972001e+00
8.346178178178178496e+04 1.896636159326991811e+00 2.186154711888998126e+00
8.358689689689689840e+04 1.896564806781468882e+00 2.186044166654523835e+00
8.371201201201201184e+04 1.896493515092294135e+00 2.185933756551911689e+00
8.383712712712713983e+04 1.896422286288727221e+00 2.185823482709840171e+00
8.396224224224223872e+04 1.896351122387455845e+00 2.185713346249524847e+00
8.408735735735736671e+04 1.896280025392459434e+00 2.185603348284552716e+00
8.421247247247246560e+04 1.896208997295170118e+00 2.185493489921087384e+00
8.433758758758759359e+04 1.896138040075612041e+00 2.185383772267002200e+00
8.446270270270269248e+04 1.896067155633845092e+00 2.185274196374102029e+00
8.458781781781782047e+04 1.895996345815340600e+00 2.185164763236555174e+00
8.471293293293293391e+04 1.895925612461863530e+00 2.185055473833096507e+00
8.483804804804804735e+04 1.895854957407365093e+00 2.184946329135561083e+00
8.496316316316316079e+04 1.895784382474624330e+00 2.184837330109457909e+00
8.508827827827827423e+04 1.895713889477795844e+00 2.184728477716260553e+00
8.521339339339338767e+04 1.895643480221222310e+00 2.184619772912210767e+00
8.533850850850851566e+04 1.895573156496379363e+00 2.184511216644850151e+00
8.546362362362362910e+04 1.895502920080883946e+00 2.184402809851679006e+00
8.558873873873874254e+04 1.895432772740909932e+00 2.184294553463377309e+00
8.571385385385385598e+04 1.895362716231622890e+00 2.184186448404277670e+00
8.583896896896896942e+04 1.895292752297260019e+00 2.184078495592420843e+00
8.596408408408409741e+04 1.895222882677099818e+00 2.183970695946510165e+00
8.608919919919919630e+04 1.895153109664426516e+00 2.183863051041363246e+00
8.621431431431432429e+04 1.895083436529632070e+00 2.183755563610956241e+00
8.633942942942942318e+04 1.895013865018605914e+00 2.183648234903666996e+00
8.646454454454455117e+04 1.894944394563739642e+00 2.183541063740257471e+00
8.658965965965966461e+04 1.894875024424510723e+00 2.183434048690024554e+00
8.671477477477477805e+04 1.894805753864987397e+00 2.183327188330392410e+00
8.683988988988989149e+04 1.894736582153772719e+00 2.183220481247608369e+00
8.696500500500500493e+04 1.894667508564178871e+00 2.183113926036938324e+00
8.709012012012011837e+04 1.894598532385553424e+00 2.183007521314771271e+00
8.721523523523524636e+04 1.894529652937735342e+00 2.182901265731120866e+00
8.734035035035034525e+04 1.894460869549077886e+00 2.182795157948153264e+00
8.746546546546547324e+04 1.894392181549244603e+00 2.182689196632423556e+00
8.759058058058057213e+04 1.894323588265323544e+00 2.182583380448392951e+00
8.771569569569570012e+04 1.894255089025878025e+00 2.182477708052783516e+00
8.784081081081081356e+04 1.894186683151293904e+00 2.182372178100553395e+00
8.796592592592592700e+04 1.894118369960679615e+00 2.182266789254728057e+00
8.809104104104104044e+04 1.894050148777278064e+00 2.182161540186524196e+00
8.821615615615615388e+04 1.893982018928983102e+00 2.182056429574617429e+00
8.834127127127126732e+04 1.893913979773344414e+00 2.181951456118694121e+00
8.846638638638639532e+04 1.893846030724172902e+00 2.181846618570476348e+00
8.859150150150149420e+04 1.893778171206079275e+00 2.181741915696268297e+00
8.871661661661662220e+04 1.893710400647184988e+00 2.181637346269921451e+00
8.884173173173172108e+04 1.893642718479108922e+00 2.181532909072783077e+00
8.896684684684684908e+04 1.893575124136950949e+00 2.181428602893659363e+00
8.909196196196197707e+04 1.893507617058947767e+00 2.181324426528312266e+00
8.921707707707707596e+04 1.893440196674096576e+00 2.181220378768015777e+00
8.934219219219220395e+04 1.893372862397419754e+00 2.181116458405226499e+00
8.946730730730730284e+04 1.893305613618337713e+00 2.181012664207827356e+00
8.959242242242243083e+04 1.893238449642655086e+00 2.180908994845576654e+00
8.971753753753754427e+04 1.893171369769211632e+00 2.180805448983761163e+00
8.984265265265265771e+04 1.893104373305686705e+00 2.180702025302071245e+00
8.996776776776777115e+04 1.893037459564035130e+00 2.180598722488344077e+00
9.009288288288288459e+04 1.892970627860338428e+00 2.180495539238342495e+00
9.021799799799799803e+04 1.892903877514814148e+00 2.180392474255769208e+00
9.034311311311312602e+04 1.892837207854837445e+00 2.180289526256830701e+00
9.046822822822822491e+04 1.892770618146850659e+00 2.180186694387617585e+00
9.059334334334335290e+04 1.892704107455329909e+00 2.180083978963087254e+00
9.071845845845845179e+04 1.892637674813850923e+00 2.179981380498996923e+00
9.084357357357357978e+04 1.892571319261640239e+00 2.179878899511447088e+00
9.096868868868869322e+04 1.892505039845183035e+00 2.179776536540188658e+00
9.109380380380380666e+04 1.892438835625744220e+00 2.179674292135877156e+00
9.121891891891892010e+04 1.892372705673274202e+00 2.179572166846460934e+00
9.134403403403403354e+04 1.892306649068540958e+00 2.179470161223302949e+00
9.146914914914914698e+04 1.892240664938605654e+00 2.179368275855756210e+00
9.159426426426427497e+04 1.892174752438569696e+00 2.179266511350975932e+00
9.171937937937937386e+04 1.892108910728872218e+00 2.179164868313317349e+00
9.184449449449450185e+04 1.892043138974716765e+00 2.179063347343865864e+00
9.196960960960960074e+04 1.891977436344198793e+00 2.178961949037914625e+00
9.209472472472472873e+04 1.891911802008642729e+00 2.178860673985491658e+00
9.221983983983984217e+04 1.891846235144145627e+00 2.178759522773548785e+00
9.234495495495495561e+04 1.891780734929120245e+00 2.178658495983194943e+00
9.247007007007006905e+04 1.891715300362210694e+00 2.178557593970232631e+00
9.259518518518518249e+04 1.891649929502586813e+00 2.178456815933403234e+00
9.272030030030031048e+04 1.891584620253303761e+00 2.178356160836834032e+00
9.284541541541542392e+04 1.891519371561075635e+00 2.178255628716672998e+00
9.297053053053053736e+04 1.891454182754557900e+00 2.178155219997361947e+00
9.309564564564565080e+04 1.891389053166489642e+00 2.178054935101183087e+00
9.322076076076076424e+04 1.891323982133111148e+00 2.177954774447706576e+00
9.334587587587587768e+04 1.891258968994141920e+00 2.177854738453817607e+00
9.347099099099099112e+04 1.891194013092754478e+00 2.177754827533715076e+00
9.359610610610610456e+04 1.891129113772380244e+00 2.177655042095352655e+00
9.372122122122123255e+04 1.891064270364546385e+00 2.177555382528925776e+00
9.384633633633633144e+04 1.890999482198480797e+00 2.177455849216923145e+00
9.397145145145145943e+04 1.890934748606876159e+00 2.177356442539340797e+00
9.409656656656655832e+04 1.890870068925904590e+00 2.177257162873726060e+00
9.422168168168168631e+04 1.890805442496316324e+00 2.177158010594561599e+00
9.434679679679679975e+04 1.890740868665214069e+00 2.177058986066417123e+00
9.447191191191191319e+04 1.890676346780711503e+00 2.176960089646920782e+00
9.459702702702702663e+04 1.890611876173774464e+00 2.176861321671937688e+00
9.472214214214214007e+04 1.890547456239450641e+00 2.176762682147355132e+00
9.484725725725725351e+04 1.890483086738493856e+00 2.176664169646496561e+00
9.497237237237238151e+04 1.890418767536923728e+00 2.176565782340537769e+00
9.509748748748748039e+04 1.890354498501406688e+00 2.176467518410310387e+00
9.522260260260260839e+04 1.890290279499235782e+00 2.176369376046277004e+00
9.534771771771770727e+04 1.890226110398314008e+00 2.176271353448449464e+00
9.547283283283283527e+04 1.890161991066916070e+00 2.176173448826097978e+00
9.559794794794794871e+04 1.890097921373737444e+00 2.176075660397752021e+00
9.572306306306306215e+04 1.890033901188081344e+00 2.175977986391303354e+00
9.584817817817817559e+04 1.889969930363977868e+00 2.175880425023876796e+00
9.597329329329328903e+04 1.889906008610052091e+00 2.175782974337947540e+00
9.609840840840841702e+04 1.889842135571759396e+00 2.175685632295199845e+00
9.622352352352353046e+04 1.889778311047345394e+00 2.175588396952296222e+00
9.634863863863864390e+04 1.889714534925351463e+00 2.175491266426245129e+00
9.647375375375375734e+04 1.889650807095903495e+00 2.175394238844478689e+00
9.659886886886887078e+04 1.889587127445995662e+00 2.175297312339265154e+00
9.672398398398398422e+04 1.889523495859053881e+00 2.175200485044222809e+00
9.684909909909911221e+04 1.889459912233091288e+00 2.175103755112470338e+00
9.697421421421421110e+04 1.889396376469494099e+00 2.175007120708179809e+00
9.709932932932933909e+04 1.889332888470048211e+00 2.174910580005008143e+00
9.722444444444443798e+04 1.889269448137073093e+00 2.174814131186192601e+00
9.734955955955956597e+04 1.889206055373499282e+00 2.174717772444585417e+00
9.747467467467467941e+04 1.889142710082653442e+00 2.174621501982360261e+00
9.759978978978979285e+04 1.889079412168234384e+00 2.174525318010958053e+00
9.772490490490490629e+04 1.889016161534312843e+00 2.174429218749529102e+00
9.785002002002001973e+04 1.888952958084340716e+00 2.174333202421056654e+00
9.797513513513513317e+04 1.888889801719540795e+00 2.174237267256457606e+00
9.810025025025026116e+04 1.888826692341106561e+00 2.174141411495716270e+00
9.822536536536536005e+04 1.888763629855140458e+00 2.174045633392895915e+00
9.835048048048048804e+04 1.888700614192675875e+00 2.173949931234893107e+00
9.847559559559558693e+04 1.888637645295348388e+00 2.173854303326587800e+00
9.860071071071071492e+04 1.888574723105042930e+00 2.173758747981559658e+00
9.872582582582582836e+04 1.888511847563822066e+00 2.173663263521979250e+00
9.885094094094094180e+04 1.888449018613952424e+00 2.173567848278568082e+00
9.897605605605605524e+04 1.888386236204867119e+00 2.173472500596187018e+00
9.910117117117116868e+04 1.888323500307691249e+00 2.173377218849460224e+00
9.922628628628628212e+04 1.888260810676983592e+00 2.173282001746553949e+00
9.935140140140141011e+04 1.888198166578802573e+00 2.173186848830241047e+00
9.947651651651650900e+04 1.888135567857011976e+00 2.173091760614614287e+00
9.960163163163163699e+04 1.888073014833840046e+00 2.172996738242976011e+00
9.972674674674675043e+04 1.888010507584266584e+00 2.172901782646444513e+00
9.985186186186186387e+04 1.887948045945810893e+00 2.172806894547027579e+00
9.997697697697699186e+04 1.887885629747903193e+00 2.172712074655417602e+00
1.001020920920920908e+05 1.887823258820773731e+00 2.172617323678673884e+00
1.002272072072072187e+05 1.887760932995446117e+00 2.172522642320249719e+00
1.003523223223223176e+05 1.887698652103735553e+00 2.172428031280016381e+00
1.004774374374374456e+05 1.887636415978239279e+00 2.172333491254272886e+00
1.006025525525525591e+05 1.887574224448924198e+00 2.172239022931795827e+00
1.007276676676676725e+05 1.887512077313716397e+00 2.172144626965140546e+00
1.008527827827827859e+05 1.887449974348736070e+00 2.172050303982965502e+00
1.009778978978978994e+05 1.887387915330472676e+00 2.171956054610154840e+00
1.011030130130130128e+05 1.887325900036462611e+00 2.171861879468421463e+00
1.012281281281281408e+05 1.887263928245932032e+00 2.171767779177248503e+00
1.013532432432432397e+05 1.887201999743649550e+00 2.171673754364036313e+00
1.014783583583583677e+05 1.887140114315594364e+00 2.171579805663915508e+00
1.016034734734734666e+05 1.887078271727461010e+00 2.171485933679675462e+00
1.017285885885885946e+05 1.887016471736584933e+00 2.171392138997923826e+00
1.018537037037037080e+05 1.886954714101407360e+00 2.171298422202251999e+00
1.019788188188188215e+05 1.886892998581502612e+00 2.171204783873313282e+00
1.021039339339339349e+05 1.886831324937571219e+00 2.171111224588837540e+00
1.022290490490490483e+05 1.886769692931436815e+00 2.171017744923647186e+00
1.023541641641641618e+05 1.886708102326035696e+00 2.170924345449676718e+00
1.024792792792792752e+05 1.886646552885407502e+00 2.170831026735987379e+00
1.026043943943943887e+05 1.886585044374699649e+00 2.170737789348791580e+00
1.027295095095095166e+05 1.886523576560125814e+00 2.170644633851448457e+00
1.028546246246246155e+05 1.886462149208923966e+00 2.170551560804433233e+00
1.029797397397397435e+05 1.886400762094000427e+00 2.170458570771522488e+00
1.031048548548548424e+05 1.886339415132284314e+00 2.170365664502009739e+00
1.032299699699699704e+05 1.886278108424253031e+00 2.170272842974225735e+00
1.033550850850850984e+05 1.886216842084189382e+00 2.170180107157476890e+00
1.034802002002001973e+05 1.886155616221993014e+00 2.170087457980572232e+00
1.036053153153153253e+05 1.886094430958182189e+00 2.169994896378715676e+00
1.037304304304304242e+05 1.886033286423407285e+00 2.169902423295194005e+00
1.038555455455455522e+05 1.885972182792986951e+00 2.169810039661448808e+00
1.039806606606606656e+05 1.885911120841888833e+00 2.169717746492707988e+00
1.041057757757757790e+05 1.885850101710118354e+00 2.169625544869513867e+00
1.042308908908908925e+05 1.885789126553532480e+00 2.169533435890554696e+00
1.043560060060060059e+05 1.885728196523584366e+00 2.169441420650657371e+00
1.044811211211211194e+05 1.885667312766269754e+00 2.169349500239332595e+00
1.046062362362362474e+05 1.885606476422195810e+00 2.169257675740834834e+00
1.047313513513513462e+05 1.885545688626795169e+00 2.169165948234385688e+00
1.048564664664664742e+05 1.885484950510259106e+00 2.169074318794090406e+00
1.049815815815815731e+05 1.885424263197452044e+00 2.168982788488860614e+00
1.051066966966967011e+05 1.885363627807968179e+00 2.168891358379465562e+00
1.052318118118118146e+05 1.885303045457960680e+00 2.168800029514954097e+00
1.053569269269269280e+05 1.885242517261704664e+00 2.168708802938437596e+00
1.054820420420420414e+05 1.885182044328605588e+00 2.168617679688012778e+00
1.056071571571571549e+05 1.885121627761308538e+00 2.168526660795015104e+00
1.057322722722722683e+05 1.885061268648875910e+00 2.168435747277571490e+00
1.058573873873873963e+05 1.885000968071663952e+00 2.168344940145702004e+00
1.059825025025024952e+05 1.884940727105434144e+00 2.168254240404936084e+00
1.061076176176176232e+05 1.884880546823731962e+00 2.168163649058681308e+00
1.062327327327327221e+05 1.884820428296780870e+00 2.168073167107618104e+00
1.063578478478478501e+05 1.884760372589908251e+00 2.167982795547765296e+00
1.064829629629629635e+05 1.884700380763488559e+00 2.167892535370401497e+00
1.066080780780780769e+05 1.884640453872474808e+00 2.167802387561456712e+00
1.067331931931931904e+05 1.884580592956018430e+00 2.167712353087451138e+00
1.068583083083083038e+05 1.884520798799997676e+00 2.167622432577103186e+00
1.069834234234234318e+05 1.884461071676947652e+00 2.167532625973082716e+00
1.071085385385385453e+05 1.884401411783585001e+00 2.167442933135185434e+00
1.072336536536536587e+05 1.884341819284346631e+00 2.167353353939359906e+00
1.073587687687687721e+05 1.884282294336257602e+00 2.167263888265380078e+00
1.074838838838838856e+05 1.884222837095659520e+00 2.167174535993522166e+00
1.076089989989989990e+05 1.884163447718218309e+00 2.167085297004560651e+00
1.077341141141141270e+05 1.884104126358921771e+00 2.166996171179766950e+00
1.078592292292292259e+05 1.884044873172092904e+00 2.166907158400905420e+00
1.079843443443443539e+05 1.883985688311385687e+00 2.166818258550225806e+00
1.081094594594594528e+05 1.883926571929768645e+00 2.166729471510444149e+00
1.082345745745745808e+05 1.883867524178308939e+00 2.166640797163457588e+00
1.083596896896896942e+05 1.883808545203542240e+00 2.166552235387822378e+00
1.084848048048048076e+05 1.883749635105131270e+00 2.166463786010408121e+00
1.086099199199199211e+05 1.883690793944261754e+00 2.166375448819948701e+00
1.087350350350350345e+05 1.883632021778588905e+00 2.166287223603223566e+00
1.088601501501501480e+05 1.883573318291182908e+00 2.166199109683399460e+00
1.089852652652652760e+05 1.883514682740315527e+00 2.166111105861184605e+00
1.091103803803803748e+05 1.883456114362158873e+00 2.166023210922852993e+00
1.092354954954955028e+05 1.883397612391040976e+00 2.165935423661779158e+00
1.093606106106106017e+05 1.883339176065706333e+00 2.165847742879259741e+00
1.094857257257257297e+05 1.883280804634510419e+00 2.165760167390592184e+00
1.096108408408408432e+05 1.883222497350626190e+00 2.165672696018512422e+00
1.097359559559559566e+05 1.883164253470619220e+00 2.165585327591243558e+00
1.098610710710710700e+05 1.883106072254420615e+00 2.165498060942451453e+00
1.099861861861861835e+05 1.883047952965313243e+00 2.165410894911220741e+00
1.101113013013012969e+05 1.882989894869912639e+00 2.165323828342019752e+00
1.102364164164164249e+05 1.882931897238145913e+00 2.165236860084674753e+00
1.103615315315315383e+05 1.882873959343233761e+00 2.165149988994333530e+00
1.104866466466466518e+05 1.882816080461670039e+00 2.165063213931436970e+00
1.106117617617617652e+05 1.882758259873141826e+00 2.164976533761626243e+00
1.107368768768768787e+05 1.882700496829756487e+00 2.164889947314498464e+00
1.108619919919919921e+05 1.882642790408176614e+00 2.164803453184730664e+00
1.109871071071071055e+05 1.882585139618782710e+00 2.164717049877543875e+00
1.111122222222222335e+05 1.882527543463772490e+00 2.164630735879246703e+00
1.112373373373373324e+05 1.882470000948857969e+00 2.164544509675473627e+00
1.113624524524524604e+05 1.882412511084171847e+00 2.164458369758643475e+00
1.114875675675675739e+05 1.882355072884255520e+00 2.164372314628041138e+00
1.116126826826826873e+05 1.882297685368033990e+00 2.164286342789777606e+00
1.117377977977978007e+05 1.882240347558789662e+00 2.164200452756754434e+00
1.118629129129129142e+05 1.882183058484135696e+00 2.164114643048623776e+00
1.119880280280280276e+05 1.882125817175998250e+00 2.164028912191745757e+00
1.121131431431431411e+05 1.882068622670066915e+00 2.163943258718448170e+00
1.122382582582582545e+05 1.882011474004412710e+00 2.163857681165123115e+00
1.123633733733733825e+05 1.881954370220932038e+00 2.163772178074197416e+00
1.124884884884884814e+05 1.881897310365755027e+00 2.163686747994684634e+00
1.126136036036036094e+05 1.881840293489213112e+00 2.163601389482144199e+00
1.127387187187187083e+05 1.881783318645894543e+00 2.163516101098708955e+00
1.128638338338338363e+05 1.881726384894613302e+00 2.163430881413055840e+00
1.129889489489489497e+05 1.881669491298316732e+00 2.163345728997474016e+00
1.131140640640640631e+05 1.881612636925479976e+00 2.163260642416711121e+00
1.132391791791791766e+05 1.881555820855050909e+00 2.163175620237642427e+00
1.133642942942942900e+05 1.881499042171805636e+00 2.163090661033570505e+00
1.134894094094094035e+05 1.881442299971987753e+00 2.163005763392945369e+00
1.136145245245245314e+05 1.881385593405740631e+00 2.162920925968942587e+00
1.137396396396396303e+05 1.881328921633837137e+00 2.162836147428101263e+00
1.138647547547547583e+05 1.881272283821471270e+00 2.162751426446436920e+00
1.139898698698698718e+05 1.881215679336194935e+00 2.162666762091870254e+00
1.141149849849849852e+05 1.881159107846985146e+00 2.162582154016527536e+00
1.142401001001001132e+05 1.881102569048872519e+00 2.162497601921812507e+00
1.143652152152152121e+05 1.881046062638180860e+00 2.162413105510307521e+00
1.144903303303303401e+05 1.880989588312525385e+00 2.162328664485773988e+00
1.146154454454454390e+05 1.880933145770795623e+00 2.162244278553143939e+00
1.147405605605605670e+05 1.880876734716743215e+00 2.162159947423192285e+00
1.148656756756756804e+05 1.880820355015770939e+00 2.162075671017196221e+00
1.149907907907907938e+05 1.880764006755441420e+00 2.161991449545901833e+00
1.151159059059059073e+05 1.880707690076802274e+00 2.161907283273990288e+00
1.152410210210210207e+05 1.880651405222766082e+00 2.161823172556415873e+00
1.153661361361361342e+05 1.880595152452587460e+00 2.161739117762028428e+00
1.154912512512512621e+05 1.880538932024363952e+00 2.161655119257962276e+00
1.156163663663663610e+05 1.880482744195049127e+00 2.161571177409639333e+00
1.157414814814814890e+05 1.880426589220455691e+00 2.161487292580784647e+00
1.158665965965965879e+05 1.880370467355262587e+00 2.161403465133433510e+00
1.159917117117117159e+05 1.880314378853020107e+00 2.161319695427940335e+00
1.161168268268268293e+05 1.880258323969215217e+00 2.161235983826513607e+00
1.162419419419419428e+05 1.880202302977860507e+00 2.161152330712151848e+00
1.163670570570570562e+05 1.880146316154057695e+00 2.161068736467995688e+00
1.164921721721721697e+05 1.880090363777304097e+00 2.160985201480176698e+00
1.166172872872872831e+05 1.880034446127106573e+00 2.160901726134132783e+00
1.167424024024024111e+05 1.879978563481760956e+00 2.160818310813549914e+00
1.168675175175175100e+05 1.879922716118355819e+00 2.160734955900376786e+00
1.169926326326326380e+05 1.879866904312859743e+00 2.160651661774908749e+00
1.171177477477477369e+05 1.879811128340114212e+00 2.160568428816252773e+00
1.172428628628628649e+05 1.879755388473462130e+00 2.160485257411458360e+00
1.173679779779779783e+05 1.879699684979187158e+00 2.160402147954886498e+00
1.174930930930930917e+05 1.879644018117065052e+00 2.160319100839462436e+00
1.176182082082082197e+05 1.879588388145556621e+00 2.160236116456330624e+00
1.177433233233233186e+05 1.879532795321987360e+00 2.160153195194848053e+00
1.178684384384384466e+05 1.879477239901539365e+00 2.160070337441191590e+00
1.179935535535535601e+05 1.879421722136852324e+00 2.159987543577821523e+00
1.181186686686686735e+05 1.879366242279373322e+00 2.159904813985323635e+00
1.182437837837837869e+05 1.879310800579466756e+00 2.159822149042575301e+00
1.183688988988989004e+05 1.879255397286429874e+00 2.159739549126746372e+00
1.184940140140140138e+05 1.879200032648488783e+00 2.159657014613309833e+00
1.186191291291291418e+05 1.879144706912808660e+00 2.159574545876056462e+00
1.187442442442442407e+05 1.879089420325433135e+00 2.159492143287032651e+00
1.188693593593593687e+05 1.879034173126599594e+00 2.159409807211948973e+00
1.189944744744744676e+05 1.878978965571602266e+00 2.159327538033949168e+00
1.191195895895895956e+05 1.878923798036056692e+00 2.159245336286553130e+00
1.192447047047047090e+05 1.878868670951587161e+00 2.159163202577504492e+00
1.193698198198198224e+05 1.878813584693024730e+00 2.159081137502616876e+00
1.194949349349349359e+05 1.878758539538477157e+00 2.158999141640024266e+00
1.196200500500500493e+05 1.878703535753683651e+00 2.158917215562489389e+00
1.197451651651651628e+05 1.878648573603294514e+00 2.158835359840391543e+00
1.198702802802802908e+05 1.878593653350872028e+00 2.158753575041746586e+00
1.199953953953953896e+05 1.878538775258895566e+00 2.158671861732218922e+00
1.201205105105105176e+05 1.878483939588766027e+00 2.158590220475128607e+00
1.202456256256256165e+05 1.878429146600815614e+00 2.158508651831465563e+00
1.203707407407407445e+05 1.878374396554311376e+00 2.158427156359906451e+00
1.204958558558558580e+05 1.878319689707461881e+00 2.158345734616819112e+00
1.206209709709709714e+05 1.878265026317415876e+00 2.158264387156279884e+00
1.207460860860860848e+05 1.878210406640807184e+00 2.158183114530805913e+00
1.208712012012011983e+05 1.878155830939193915e+00 2.158101917298808736e+00
1.209963163163163117e+05 1.878101299476854447e+00 2.158020796021574039e+00
1.211214314314314252e+05 1.878046812517045971e+00 2.157939751258165728e+00
1.212465465465465531e+05 1.877992370321962534e+00 2.157858783565352212e+00
1.213716616616616666e+05 1.877937973152850049e+00 2.157777893497742294e+00
1.214967767767767800e+05 1.877883621270048042e+00 2.157697081606961831e+00
1.216218918918918935e+05 1.877829314935489879e+00 2.157616348441055543e+00
1.217470070070070069e+05 1.877775054439478897e+00 2.157535694569530982e+00
1.218721221221221203e+05 1.877720840088924037e+00 2.157455120574717444e+00
1.219972372372372483e+05 1.877666672189917119e+00 2.157374627037037751e+00
1.221223523523523472e+05 1.877612551055316992e+00 2.157294214543174160e+00
1.222474674674674752e+05 1.877558477015213834e+00 2.157213883694839129e+00
1.223725825825825741e+05 1.877504450401646929e+00 2.157133635094130586e+00
1.224976976976977021e+05 1.877450471545302424e+00 2.157053469340686203e+00
1.226228128128128155e+05 1.877396540775516431e+00 2.156973387031687839e+00
1.227479279279279290e+05 1.877342658420283028e+00 2.156893388761889074e+00
1.228730430430430424e+05 1.877288824806263579e+00 2.156813475123607660e+00
1.229981581581581559e+05 1.877235040258788068e+00 2.156733646706756602e+00
1.231232732732732693e+05 1.877181305101868203e+00 2.156653904098841945e+00
1.232483883883883973e+05 1.877127619658197855e+00 2.156574247884983642e+00
1.233735035035034962e+05 1.877073984236180770e+00 2.156494678632335571e+00
1.234986186186186242e+05 1.877020399033727305e+00 2.156415196774566390e+00
1.236237337337337231e+05 1.876966864191025763e+00 2.156335802675836799e+00
1.237488488488488510e+05 1.876913379773352153e+00 2.156256496629548103e+00
1.238739639639639645e+05 1.876859945747817227e+00 2.156177278833576683e+00
1.239990790790790779e+05 1.876806562065562956e+00 2.156098149465390357e+00
1.241241941941941914e+05 1.876753228677144225e+00 2.156019108700672593e+00
1.242493093093093048e+05 1.876699945533304659e+00 2.155940156714386990e+00
1.243744244244244182e+05 1.876646712583307286e+00 2.155861293678210000e+00
1.244995395395395462e+05 1.876593529756255929e+00 2.155782519735957248e+00
1.246246546546546597e+05 1.876540396956010381e+00 2.155703835002481306e+00
1.247497697697697731e+05 1.876487314083642444e+00 2.155625239589037623e+00
1.248748848848848866e+05 1.876434281040763707e+00 2.155546733605269605e+00
1.250000000000000000e+05 1.876381297759031952e+00 2.155468316930984507e+00
